..55544 nai-⁶638· 55588 '‘flu-0 5561855·
ubuum um763,8 8539 6
κ1555554754,6 5551556017 66676 'eumd' ’66656

55155690, 55 venumda 8051115 §⁸83¹
Vdu 7955 5856111Ιί56517 ,6 855165576,9
551454 757 5. 7656. 654, 5551157564. 67650 88515754 7667. md
588818· 3¹29· ⁸78» 1832?st ἀ’ἓῒῖἶ· 89⁸·sz
41857 ¹⁸·
*81656555 907. 6 5555651 495, 6 8501555467, 3
151555 7775 5555057765 55505645, 54

5511555765. 467, 4. 765, 555555 599 74494475, 5554445441, 5,, 4η, ,

55165545. 67 ο,5 8888888666667 · = 36516668666966

,4174 4476, 497, 7, 777, *56656616667 66516667, 7 66, ί Μ,
0 588. 88· 548. 8 8888884588 5 8855- tom-³⁵³·
75874· 4845· 55588888888850558. 8.588 4· 5884· 485548·

8885861165 88 857. .888888858·5· 8588 8888785666585588588·
6. 667,6. 666, 5. 74, 5555505555 447, 55
4. 6074. 6764. 677, mutaturum mmm

5551455555 545, 4. 7666. 9,7. 766675.

· 55115 766 4. 747, 54 657, 50 75,6

55115557747186,6.641, 885685161165663,11 ’

77,7 4 555585561657, 5 5555566477

..114544164547558751415...ιω.455,4.667,91ω505,ιι5.,4

5555555677, 7 5555065587677

5511555777, 6 855555556761 5555057664. 76611

551155 7457 336, 5. 767, ’55555555 7055 6777. nmmum. 3338
8 Venere 353, 5. 09,50. 55555555 794,16

5517575650 (77,7. 707, 888888551481 48· ⁶59· 8888166746· mm 3

54111555655,5 Venerem 547 4. 567, 4. 5556515755, 50 1
88888558· 5885· 585 5485 8888888588 5555
5511555 745 6 6,79 54 5555554566, 776, ,5. 676,
55105554 566 6855515467. 5964 4.

5510517767. 667,7 1155551464, 5 ,7,57 4. 745, 5555μ556587, 55

88 1888884555 5588 ..·8.8848 588. 88888888 8558

*emm 548.·8 418. 5··48,4.5 584. 8· 885. 88888885554· 5555 3
8. 645,.66 654,6 ¹3¹. 9064 nauculam

55155 5515555 flue 5457555 5545545 7444 65575464. 76555767.
7667 ven 5505695, 6 6ο,7. 5ο4,5. 5575556.
5510517765. 7765. 656, 4541746, ,455, 8. 777, 7577746675451 1
7646470650. 655, 4.,7977 596, 54. 7ο9,6. PM
885488· 5855 88885555 845 88 505· 58585555
· 55544564 , ‚ 55511ω5907,54 54,.5 674 3
4,,6514155909,7 55515146, 7. 697, 57 555561641, 65455ὰ457,

555515157767 5551555 5555 777,. 4. 749,.6 6

1361611... ..3111 ⁶2⁷³} ⁸⁷⁴ ¹ 12ῗί1ξὶ11111
11555155505577,6 5551515790,5.679,4 5575557969
6545151756, 3 54514554.5.667,4 mum· 3985
Venafro 574,6 555145 767,4 554557 ο,6. 604, 3. ,6546
5544154577 7576 5555554667. 7966 6556

venalem 704, 5 ’55515555555541 6666 5554555 4911, 6
55515574ομ4 677,5 4551155767, 54 55557467 6664
5554517767. 654, 50 555155164. 404,5. 777,55555900,55 ·
8888818146 19141 ¹² 8888851881
55585555741,4 554 5155556766 56157666. 767, 3. 746,
4441450565. .54ο,50. 757, venire5828. 55. 7067 9· 6116· 589ssx ⁶⁰8·
3 4555555 8.77,54 1977 50. §.manum

 

