INDEX

1. 4761. 5166 1111118568 6111417,4.117,1
1111115155 11111476 8. 501,7 1419166
11111111197,1 1161111761. 5861 [14117757
111167,1.716,1ο.454,6. 1111117551. 5565 14111191

4861 116117961. 4661 6111111441
11111194,1.154,1.,1ς,1. 1111111111 8467 6111661

44611. 5867 111111111514,11 116161,7.67,1.717,11
111111 781, 8. 4961 116111161771,8 6866
6111111164 11611111164. 779,7 661148,7
11111111 540, 5 111111140647567. 740, filim 4466
1411144511 168164. 860, 15. 889 6111111766
1111111701, 17 111111 476, 651, 4. 869, 11. filiu· 17, 7, 190, 9761
1111161567 · 891, 8.Ι 897,5 7871 51614791
l 8111161111 8058 11111751, 1. 84611 54616917. 11114

11161111. 564 , 11601159, 7. 619,9 6864. 6971717197·
1111111165. 1965 1111116567 9069 ,
1111117165 111111 186 5. 7165. 917, 110851, 11
111111,111111.785,11 91 74915 1111814146
111111 618, lb 11111 7166 findet ⁶852 9
11611117161 1111187614. 9069 1111118078
4 11111111117,5 ,161111111117161 8111140618
1111111167 16118554 6161114747
feriunt 189, 7 , 11611111 5766. . 897, 17 ἧΜ 771 ¹· 1181 11813·
1111111145, 3. 769, 8. 579, 11116759 818, 11

1 1111111585,5 · 111171651116168111·
8910(ὴῖ4893 x 6611648341· ς919317ω93 57088
11101111 559, 1 1111111171 847, 1 61171 8865
ferox 41,1. 161, 11. 745, 5 111Τ1111,1’. 1. chorda 77, 6. 6111111111
11101161. 64,1. 1171. 777,7 · , 1171111698
, 171, 5. 168, 3. 154, 51 11107111111477,7 11551, Ν· M 4

401, 4. 8869 61111154. 181, 5. 4461 7611. ³
ferramenta 771, 9 · 1169111111 578, 11 fingere nd
1111111417, 111 1111111165,6.775,7.691,4 6171ιί19149
11111111 550, 1 111111 901, 7 1111719061
11111197, 6. 7461. 781, 11161467 6117117467

10. 787, 5. 444, 10486, 1111161116, 1. 784, 1. 811, 1141111776

111141161111· ¹4 111116116

6564. 708, 7868, 11 1111116568. 8561 11116111 1614
ferrum 11, 1.175,5. 519, 6. 1116111814, 11 1111116761

546, 9. 65611. 899, 11. fidem 14, 5 75 5, 515614, 111117176165111ι
1111111777, 6. 674,4 87614 6676 .
1111111777 611111,1.1.111111111195,9 6111118666
1111111611111,4 11111117774 fini. 119, 1. 4011611611· 1
fertilis 312, 6. 498, 11 1611111671. ⁸
1111111 57,“4 fidentem 815, 9
1111111678, 5 fidentes 155, 11 11161114861
111111111111619,1 fida 78, 5. 95,1. 1761. 61111616751188
1111117667. 717,5 11611. 711, 5. 5768. 11111181, 1. 16111
fervida 490, 7. 7¹7›3 384,6. 501,6.716,8.1111111471,11
fervidi 415, 3 Υ8165. 8166 6111111111 5467
· 1111111011468,,9 , 11116768 1111117768
1111111151. 57610 finibus 50, 7. 101, 5. 175, firmam 1161
1111161767 · 4. 110, 8. 158, 7. 400, 1111101781,11
1111111111, 5 617456. 8867. 879, ’6111114767
fervidum 418‚3 6, 891, 14 611101416117051118818
fervidus 116,9.509,5.881,1 1111117751. 7661. 811, fis 411, 1. 87111
1111115464 10 1111111766. 32111118
1111118446 11116161. 7669 8. 4164
1111101764. 615,9 1111111116.811,7 11115865
1111111111847,1 1661161, 6. 775, 4. 810, 11114467
1111111665 ’4 10 · 11117145
11115661 , 1110175610 1111116671. 810181
11811164, 5. 7051 1111111964. 8878 1111116151

11
1511

 

