’ 8100110101011 0111111111.
‘stettin 500, 1. 345,3. 757, 1111ί1511,7.515,4. 6877 fffl ⁶3· 3· 9⁶» 3· 1992 ¹¹·

, 5 s²¹¹⁰r⁸7⁶‚4 ²552 9· 290, 1, 7. 091.
’,1ῑὶ68813 54953 ’ 616Ῑῦ88675657 2, vost, 41⁴, 10· 4⁵⁷,
78111316ι 61916 8183364 0191011811
aciem 3¹3214· 404, 5. 61611581. 137,1. 799, 611110141,1
506, 5. 564,7. 717,1 1. 850,11 6110118189
6110116994 salso 511, 4 6110161051, 1ο
11811101 610, 1 falsum 774, 0 6111110 541), 7
6011111 555, 6. 697, 7 1111017999 , 61111111 600,1
111111ιί1 857, 15 611111 54, 5. 155, 7. 140, 7. 6111161111 600, 0
1111101117,ομ 401, 5. 500, 8. 5²9r¹0‹ fatentes 809, 5
’111111004149 51511. 554, 0. 648,1. 658,7. 1111111145. 671,1. 706,
671110 - 6801171171. 71611 ¹¹ -
’16106658 6111111εῆ6090. 616,8 6110118561. 9ιο,4
'uilem 19801. 775, 3. 508, 611410 571,·5. 654, 5. 813, fssterier88666,8
2. atemr ς
Jeeilen 93:⁵9* 61111001 518, 4. 515, 10551, 61600035,
“⁵¹³ 19725 ’ 9· 11416· 708212· ⁸3³, “⁸52³oeth 14
6161116879 · 7· 880,5 6111511 191,6
’1110018546 61010188, 1. 517,4 6111911610,5
,8110018094 11110719, 616511101059,1
’1617599 61011111511111811,5 ’ 6161161 080.6
*affin 855, 6 famosa 914, 5 fatigent 11, 6
6661119146 60111061 507, 7. 619,5 61111555
61680 5 6, 11 famoso carmine 811, 6 fato 609, 7
61001 4. 9¹0⁸„ 6110061101 707, 10 6111101594,1
6181114111 6000671171· 1150 ‘mm
ΝΜ *6717111690 6011071111· 11 ,1 {ww ²824
figmata.. 1947 6661615118,οὲἕῖ ¹:⁸22 5 faeetttinffi’ssyfl
’06015801 61011110161101915,5 6110109610. 858,4
’0001181 56571, malm 546,10. 611,1 6111110791
6111118041, 1 6111001775, 5 61118101 175,6
1111165957. 876, 3. 6115785 8111017164
889, 0. 891,15 1111511, 5. 747,7 8101118944
ἓὲἑὶἱέοωῃθ 613111· ⁷²¹’⁵ {ifflf,¹⁸’⁶⁴

1 2 )
heibonssgm fanor659,3 8111111171, 4. 005,1
’0111117144 611770. 5560 8010111001
'alce 119, 4. 4³¹· 1. 541, 7 611 nefasque 451, 7 8110081081, 4
8111100044, 5. 677,9 61118150, 8. 051, 4. 578, 61015976 “
hletae 85,1 4· 904,0 ι 60101108087
Ι’11011ιὶ 105,4. 160, 1. 795, 61600150, 6. 757, 3. 798, 11 6111615241 ¹
5. 440, 7. 6054, 649, 6060157711 6106117788
10. 81⁶,3 616οῑ11110111485,7 1111101784,
‘demis 175,0 fascinum, Epcd. 8 6111180858, 10
6010100605, 1. 670, 7. 675, fasciolas 660, 5 fautor 599, 7. 814, 8. 857, 9
5 ’ 1111111614, 680, 5. 700, 6111018601 7947
81011107151 11. 77510. 851,0 61111610,7. 590,5
1110101571, 10 61111ἀὶ11111 450, 14 febrem 797, 11
111κῑ104,4 61181111061494,4ι 6861117405. 760,7
1161147801, 865, 0. 911, fastidiosam 554, 1 febrimque 667, 0
6 fastidiosus 045, 5 · semum 17, 0
18115 8,9· 616161055410. 745,7 6161181145. 458,4. 450,
’0111το657 [1861018045 4. 805, 10
11110980. 751,7 (1161115185. 7864 1111011574154 591, 11.
1811161800,0 6116611041,9. 829,ss 706,5
0810106047 6111100111 441,6 6011111591, 486,1. 507,
’01110ιί1485,1. 817,0 61864141 2
’118010 181, 6. 506, 0. 581, fastos 314‚4. 515, 9. 540,8. 6166014787 ,
0. 711, 8. 800,9 85411 mmmmm, ⁴·
11116ῐαῖ69720 33173 f2st11862‚ 6 feliciter 8⁴⁶, Ι
1160101815,6 * 6160015779 11114444. 571410. 414, .

Xx

 

