INDEX

’17777771 777, 5 1717677676, 6
’1777771777 857, 6 Tempe 79, 4. 87, 7. 7471
Τ77777777774,7. 578, 7. tempestat ⁸52²· 47777
6777. 764, 77.,796, 77 7774777777 486, 4
771167785777 . ’1177676077 «7777749777
minium 77, 6. 545, 4 ’87747171576 ,777777774777
81888118 77., {3:22202’323'52 Ἳῗῗῧῗὲἓὲὲἳέζῗ
77177 577, 4. 576, 10· 597, ’1777777 785, 4 temperatam 754, 3. 764, 77
¹0· ⁶5³‚s·70523·8s⁶‚4 6677 ¹⁶⁷2 7· 747· ¹· 7777 temptato ¹55, 7

= umquam837‚⁶ ῑ777771777777477,5 7777777777 777, 7. 3¹⁰2*-
Τ7777177797, 7. ’4775 7777717795. 6. 56774471 689. 4. 7878
Tanaim, nonaviri,514,3 7777774476 77777777777796,7
’1777175578 ’1777777777 748,4 7777771177 475, 4. 581, 5
77777777 77, 7. 94, 5. 786, 6. nurus 350, 77. 5477, 6. 677, 776, 7. 7975 7

57776. 58179. 488, 7. 74 77774471776777774774 1
55375·66976714·887,9 teque 77 7777 977, 74 77774711ῃί677 566, 74 1
,7774777676 ’67777777479 , tempestatibus 777717 867, 74
7777577755, 6. 4777 ’1777777117 7675 tempestuitfifim
, 67767474 667777477777766· 66766667767776
tangenda, 78, 7 797, 7 7777771117775674
7777776877 ted* 789, 3 7777771ὶό777 866, 7·
ungentis 700, 75 teau 577, 77. 569, 4. 649, templa 10‚6. 7774, 774, 7
, mserum· ³0321· 32¹2 4 677. 7· was 2· ,6774 7774 “
5. 5776. 6777. 745, 7761977,776,6,715,6.567,7. 77779177977. 874, 74
’ - ¹² 6676· 753213 ΜΜΜᾚδΜ
66764776 6 7676766747·6 7674· 7764
7774775775 7761776774 , 777767777771εὶ6777171771·
77747777 577, 7, 7. 674, 7. tetum 776,4. mn. 7744.. 1117 toroni 3²24
86777 79775677. 7474. 44ο, tempora 71777 8574

7 77777574, 5. 8777 6467, 4. 4978. 7776 tempora 7ο8, 5. 47744444,

. tantam 781‚⁶ tedn380,3. 689, 75 7.4ιο,7.474,7. 5478.
Τ777711778, 77 777771777ιὸ877 549, 9. 87,7. 5975.
Tantalum 778, 77 77777 477. 4. 8979 , 757, 4. 877
’8777177497 8. 577, 77 tegentis 52⁶‚6 tenpore 7 575. 4974. 575,
7777774777 tegemus 4. 5674. 598,7.674,7. 4
77771467, 10. 89777 ’1716667776 6474. 677,7.767,4.
uatum 47777167677767577,5 Teium 476, 7 747, 5.. 869, 77
tantumn ⁴ 7717777777 400, 9. 488,5 &mm 4174745474
tanto 644, 5. 847, 7. 884, 6 ’1417777777 7674
77776 578, 7. 668, 7 5. bis. 77177, 40777

667. 7· 7ος. s, 84⁶.4 Telegoni ³5³·⁸ 6776666467. ¹1· 4777·
26666Ὲῖἓὸόί {flffissffff'ssm ,66636677778686677
tantulo 577,7 Telephi 57, 7,7 . 8
nutum 660, 71 689, 74. Τ7177177774ο7,5 , 7777774677

84774 Telephus 488, 4. 88777 7777777759, 4. mamb»
4777775474. 5577588, 7711777477. 7574. 456, 7. 4477. 478, 7. 486,

777. ²· ⁶08,⁶. 677. 1⁶›478·9· ⁶8⁸‚4⁴ 676· ¹²· 5¹3» ¹³· 6777. 7677.
768. 6· 6777 7 ¹¹· ³⁷⁹·.⁸· ⁸3523
7777777477 5777, 9, 74. 547, tellurem 843,2 tempus 717 abne 877, 5

77. ⁶60, 4, 6878 7767677974. 646ὶό 77768770
tantummodo 596, 9 77117797, 4. 77874. 749, 7. 7777777777677671 7177774447
1777777449, 5. 6776 778, 4. 778,7. 420, 7. 7777714575
7777779, 4. 594, 4. 776,9 474, 7. 484, 9. 498, 77. tendent 77777
47777717 7776 ⁶33,4 7777171777 7779

7776777 895, 4 telo ⁴99· 4 7777717777 7776
’ telum 617‚5 tendentes 764, 5

7777175574. 6974 temere 50, 5. 797, 8. 546, 7777717777,5.774,4.674,7.
...77777777 6467 ¹¹· 677. 7· 677· 7· 647. 7477 ·

4477453 ‚2' 2· 857,3· 66773 1766161117 ς65,7
ardum 747, 77 · temeti 8674 7777617775, 7. 7777757,

maus 887, 77 77777777575,7 4. 5978

 

