vINDEX ,

6. 861, ιο 1911114997 1711145916. 7999
111111111111515,5 , fl , · 191111519675115699,
11111119111111111850, 51 , 8. 758, 6. 8198, 1798
111»·11191111ο664,7 apertam 8197 1911118, 5. 7699. m,
11111111 cuium 554, 6 spen& 515, 7 15
annuerunt 006, 1 1111111191, 8 19119111ιῇ1 equ 118,5

“ 1111111.11111771,1 1919117497 19111114594
1111111111 588, 9 apertum 511, 4. 556, 5 191119 745, 9
unum 111, 1. 415, 5. 509, 1990111111 511, 191111 194, 4

5. 759, 8. 781, 8- ¹4², 17111111 1194 1711111614. 11

9. 90⁶, 8 apices 327, 8 ’1918899 4
annno 191110 58911 1911179, 1 19601155, 1
11111171911 ’ 19115691 1915188819
’1911115199 455,7.651,1911111857,6. 4695 1911116796

7, 697, 4. 746, 7. 8599 Apollinari 561, 1 1911591,
anormimabnurmi· , 11711Ιί11491. 8595 1911111794.816,6.879,4
11111111161711,6 ’ Α9.1111111111118,1 “ 19111555,5.686,1.7697.
11111116591 8911111187, 5. 477;9 856,6

1 ante 1111116999 Apono 11, 3. 32,9. 45 6. 19111555, 5
ante adverb. 6511, 11 ⁸ 190, 7. 164, 8, 499, 5. 1191151 566, 5
11114611 51911· 111.ι-114.1.11111111,1. 4796 .
antecedentem249‚2 81, 7. 9195 Α9111111111555,1

11111111 8596 1911111111 6894 19111119, 5. 447, 1. 567,
11111111ηά189, 5 199111111145η 4- 773· 5

11111111594 1791111999 191ε5,9.158.7.194,1. 7
1111117499 19111114699 5194. 51945698,

· 1111111315 '¹ ’1111818594 37316· 43111· 111111· 1
1111111695 19911111 516, ιι. 851, ιι 567, 6. 795, 5. 8185. 7
Antenor 756, 4 19911115711111.11191’5οι, ιι. 874, 7
antequam 345, 1. 5499 1957· 9196 · εφεῶηεὶοςὶεδῳμ · 1
manati 598, 9 · 1791119711111111111. 455, 2' 1911111 3191. 511, 5. 551,
Anticyram 646, 8. 651, 11. 1991115591. 585, 15, 1.. 5595. 6596 1
Anticyris 8996 16 · 8911111111 509, 5
,1111111111111796 appelle 5599 19111 141, 6. 565, 19448,
Α11119111111186,1 19911111658,1 4. 8497

8111911119 88, 6 · 1719111641, 1 1171111555, 5
111191111111455,1 App} 556, 1. 754, 6. 8199 19111111 5795 ,
111191111111911 6594. 117911 557, 5 11911110 559, 5. 465, 7. ⁶55·
11119111 7ος, 9 1191111441, 8 · 10- 719, 4
1111918991 19911911798 ’ ,1911111111 4794, 8794
antiqui 651, 15 Α991111571,1 Α9ιιὶ11111181117, 5. 1895,
1199111154, 5. 8595 19111111994151911 1994. 877, n
11119111111111851,1 19919111468,7 1199111111 775, ¹2
1111911659, 5. 724,3 ap.·onarur719,7 1911111115195
Antium 130, 5 appone 59, 11 aquosus 1111111486, ι
Antoni 568, ιο. 5691 1991911685 19111111119111156,7
Antonius Musa791‚3 apponit 5197 111111111874,
autri· 549, 5 19916917191 11111111 517, 5
1111115, . 154, 1. 2⁶1, 7 1991111111 69, 6 111 castiniaci: 1111113195,
1111111161 ,4 1991111415, 9 8
' 1119711711. 1111. 97, Δ9. 1199111616 ιο . 8111111155, 5. '75²³‘
411. 8· 111. 1· 1111- 1111111116· 4111, 1111111111. 1· 1111·
⁴590*lx 1111111111 33226· *⁶32⁸
11111,711111.451,6.495,1. Appubz58,8 11115591
5481 0 Appulus 268,4. 312, 11. 1111117691
anxii· 327, 5 616, 6 ’ mre 7991
· Anxur 595 1711111516, 11116591. 8191
Anyti (1791 191111111198887, ιο 1111511. 1. 441, 7. 6197
apella 568, 7 aprico 588, 1. 789,ι autor ιο, 5
,19111111 855, 1 apricos tom ’, 1111141911

19116, 5. 446, 5. um· ,1711111114εό, 10 ⁸ 1η11111117ο, 1.

,1911111114897 1911111591. 7594 1111111191· 508γ8
645, 5. 676, 97191 1411114896 1111117995 ,εἰ

 

