8001101010ορ11011111. ⁴
1060111181 ’ 101134. 1191. 171, 1. 6100111148,4.133,4. 3691

rubentem §8⁶27 4181· 1161. 1811114· ’ 9· 4146· 41111641. 1· ”

ruber palus, Lib. Sat. 3 430.3·1v 373, 5. 766,1. 6111111114160111116101. ·
rubererwn 1381· 1104 6101140111· 16114·
1060111866,16 11103071. 3194 606,1. 71, 3.174,1. 173.1. 183,
1066001161 796, 8 75914· 772, 10. 787, 7. 7148, 7. 184,7. 3161.
10613601617,3 · 7934. 8141 473, 3. 311,10. 31311.
105111ῑο04101 ¹⁰⁰⁶ 114· ¹31» ²· nv» ⁶· 531, 2, 4» 1· 11611114,
Rubor568,r 771,1.843,1 16. 371, 3. 79,1. 384,
rubra 68 3, 9 · 10160111 664, 1 3.601,3. 61 ,1, 3. 704,1
rubrica 711,4 rursus 271, 3. 361,1. 481, 6071601189, 3
1118101144· 10071011 1· 11141111· 76019· sm 600 11. ²· 1111.

13 737. 3. 761,8 103,6. 131, 3. {fimf Α

1061014099 101377,16.698,11.706,’1 4483

rubrum 91,6 rustica 330,1. 843, 3 641111,111111. 78.1

tuentur 913, 6 18806815337 6111111117,1. 389, 3

rude 0011110111 714,1 1066101001 179, 7 6111611 133, 8. 636, 3

rude ingenium 909, 6 {unitus 437,1. 507, 7. 676, 6011611 98, 6

rudem 14161 839, 3 3. 700, 6. 701, 8. 706, 1. savir 31, 4. 14144. 198,7
1000010463, 3 73911. 766, 9. 783, 7. 6111161417, 7. Ι438, 1. 348,
1011611463. 338, 3. 6094 84 ,14 89111 ¹.².

ruebat 384, ι 8011107101, 6011118197, 5

10011691. 80,7 1110016344 6110116,4.·191,1.337,71.
ῘΠΕΠ63066686113Ῑ66 · 802210 810st .
111εο111164, 1 ’ ,Ι · 6011011931. 311,1 1

1011111631,13 ’ · ι 60101691. 141, 3. 630, 1.

10110414, 117, 141. 1· 14414· 84111· 811,
13. 831,11 ¹¹ '

1806603101. 331,6 s Δ 6888 88618

Rufus 719,6 · 6131111169,1.381,13 .

¹⁰3² 4¹3» 9 ‘ SABAEAE 813, n 64311601 470, 4
1113611031. 438, 3 , 6161111 398, 10 “ 1131111441, 3. 586111. 330,
,103061461,4 816411148914. 394,1 · 3

1030601 817,4 Sabellis 180, 1. 616, 8 81311110 391,4

ruina 131, 6 Sabellus 799, 11 61311870, 9

niae 11114 15111 81604 1811· 811 114117· 61111 8911
1010101103 434,6 619611731,6.103,6.163,4,
ruinas 139, 6. ‘7¹92' Srbinis 116, 6. 830,1 61311111 344, 3

ruinis 171, 1. 416, 14 8116110713, 1 , 6130111114, 4. 183, 2. 400,
1116178911 Sabinos 1601 1. 3198. 711,10
1061189. 164, 9. 366, 7. 8166001083,1.731,3.766,3 6133610188, 7. 1766

4794. 710, 6, 860,361εεί1311,13 6190104641

666661466831 ἓὲῗιῑξιζθ. Ῐ4037, 8. 6 34, 1. &mxu {¹2}st
rumore554‚13 ' 907,3 81610100633
10100064100107711 3 61111001 139, 1. 133, 3 61116001. 680, 1. 711, 3.
rumpat 344, 4 « sacerdotis 771, 6 . 660, 6

,100191014133 61011600068μ tum 6111911161,613,3 .
rumpere 63, 5. 7436. 773, 61111 73, 1. 139, 9. 381, 4. ’61116111 807, 11

3. 787,6 388,1. 448, 8. 531,4. 6111118964
rumperemus 341,1. 800,1.Ι907,9 6160103641 -
rumperis 303, 3 satra 3, 9 51191111 791, 1
1001761,1.ἱ6. Ι. Sat„ a 61111111 441, 1 sanare 838, 1
611110101001110, 6 Saliaribus 13341 .

sacrare 101, 6 · 611111 788, 13
1 summ 6116660 1678
ruperit 466, 10 6111161831, 13 61611111 3304
1031113401. 330,1. 643,6111ῐ,111,3 ² 6160191οη3
10138197 sacrilega 198,1 6111910 338,10 q
,0966011194 611161413,6.488,1.311,1. 61600101139
1109683848. 38310 714, 9. 891,7 6111153811
11131666, 3. 61543 · 61510]96,711.οῐ, ς. 319,4. 616140116118, ι
1116110111 -. ⁴ · Ι0106134111431686 6181011111· 164111

”

 

