vociauzoauu (81111111.

1186111679, 1 941, 7 Aristippus 648, 6. 814, 4-
111111111111117,5 11111411111874,8 ¹ 1111115991
1168111 pugne 919, 11 ardens 11, 9. 548, 11 Aristophanes 544, 1
ιι1111111111111111441,6 1111115119. 914,1 46815569 ·
111ἱ1111999,6 11111111189, 1 1111111191. 151,9.ἱὶ1. 148,
arbitrio 147, 4. 647,1. 691,7 111111ιὶ1 199, 9 1.119,6. 917, 8. 941, 9.
1111111181, 9. 878,7 116114911 419, 8. 461, 9. 6699.
arbitrum 179,9 1111181511 711,6. 8119
11811544. 996. 161, 6. 1111111511. 46919 1111118115

6455 . 1111111111515, 19 1111118791
1181111 141,6, ⁶73›2 Ι 1111111997,1 Armeniis 185,1
1161111791. 485,1 ¹ 111111114,5.159,1.954,1 Α111111111789,5
1161119894 111111159,11 11111111191. 189,
1161τὶ81195, 1, 9916 arduum 19, 9. 191,5’ 1111111111 1541. 768,6
1161611861 1111511,1. 771,9 1111111ὶ1161918116111111196,
abutum 118, 4. 496, 1 1111411 7 2
111111 198, 9 111114, 5 · 1111611596 168, 9. 188, ς’.
Α161611116118 Arelli7oo,4 411, 4. 9, 5. 668, 10.
arbussaz40,5 11111146 14,4. 19,14.,817,4.
1161615844 nent 116,1. 111,1 81,8. 89 ,7. 915,9’
arbuto 5, 8 1111111161, 11 111111 578, 9. 676, 4, m
arb¹¹¹0⁸7221 111114111 · 1 “
111151111. 587,1. 649, arentes 16111 1111111111 151,4

14. 7ο8,4 11115118. 811,6 1111716867
1811116141ορ 1119111719 ’ 1111711 591,9
1111111468, 11. 478,11. 19111117194 48116491. 6699
· 616,1 ¹ 1191165198. 47, 6. 646, 111ῐά1188111
11111161111448, 8 9. 651, 9. 699, 1. 811, 1161116119
1111111485 9 1111796589 ,
arcani 78, 5 argento 154, 4. 415, 8. 519, 1119111767, 4
*canii 1c8,2 1

n*

11191111 619, 4. 914, n
areanum 917, 9. 811,7 1141111719, 1. 799, 1. 1111111111 9494
1111116997 75911. 811, 1. 86, 111141111197,9 ,
11111158, 1 7 '5⁰8¹'st 4¹8, 7
*11111691 1 Argeo, ν· Argao · ³1¹⁰sstt⁶751 ³· 31111· 88⁸5
11111179,5.151,1.416,6. 1198118568 8 ,

456,4. 511, 5. 854,6 1119116598. 865, 9.881,4 ¹¹s013159028⁴
11111 sacras 8, 9 Argivi 310‚4 1166814761
1111611851, 9 Argivis 157, 1 misti 289‚⁶
1111617491 Argonautas438,6 ’1188164 1. 411, 5. 565, β, Δ “
1111661846, 3 61411486, 5 83911 7
11111111 6694 ,11911994 1111515. 1518. 561, 9. ⁸
arcet 877, 11 1191111158, 2 711,1. 749, 11. 894, 9.
111111111741,1 1191119119 85511· 87998991.
Archilochwn, 2, 5 arguit 468, 9 919, 4 ’
Archilochum 699, 9. 879, 2 arguitur 818, 6 artem 684, 9. 747, 1. 7911,
Archyta 116, 4 119111 615, 9 9 . ‘
11111917, 6 argutae 916, 3, 989, 1 artem 1111111111 67 5, 9
aista 1111 1’45,1 1191111161, 9 artem carminis389‚ 5. 8114
11ἂ1ω11ῐ1ἱ1751,5 11411117914,6’ 11111998,8.411,9.576,4.
116111141811,11 · argutus 790‚1 51,4,759,11.818,11.
1161111477, 5 Aricini 867, 8 44, 6. 8 51, 1
11618991 1116191,4.191,6 arti 856,7. 891,11
4116111119 16611999. 419,7 1111611681, 5. 8594
Aramum 1181111915, 5. 447, 9. 7111, 1611111715, 1
1168111711, 8, 761, 11 n 1161494. 12· 541, 4. 671, Ι ’
111681τί1419 1611114915 5,859,1.895,11 ¹
1111111. 114, 5. 188, 5. ὁ1111111ἷ111161111447,8 ’ ’ 1168111969, 11. 994, 9414,

1118· 111. 4 40¹, ι· w'· ¹3⁵2 1
511, 1 Aristarchus 912, 4 11118191. artabu·

111111 191, 6. ’ 164, 4 Aristi 774, 17 1111611177, 6
11111919, 9 Aristippi 716, 4. 814, 7 'artus 511, 9
1111177166161188111611111 6188177111 8191 1111154, 9. 169, 11. 484,

 

