1161441464461 0414146114Ι

771,6 6111451111 71461

15116615, 44 1111611665. 54444

65116151, 1. 651454 49155 6141414454, 5 , G. ⁴

1164644· 4·444 14441464 nm- 441·

’1151644454 5. 671,7

1164444444· 4414 1414464. 4464· 4·44 ι4· (141118 444.4 1444 4·

11111000141046 59044· 70914 8464

111441441464 441410 f·¹ ”(3140 11· 41449 (1166177444

47 6111016016ος6 01611476, 4

6144641934 14 04114611 456, 5
61164 58, 6 ·(141.1114 556, 5

6111 11641617645666,6. 7774 01164 544 5
1415616616, 14. 66514 6 5416144,9

14156 41614 641 7 6111641766, 44 ' 54144114 65 9
1161114115, 44. 56,5. 465661114466, 4 566,6. 6414 0111614746
6416161664456,5 ’ 46 (11111564, 1
6114114464,5,465,6 61141544,7. 566, 5. 566, 54111 1111114 566, 5
Ι’611111166511145 . 4 01111155,5 ’
1161614475,5 1444144119,7 6411 11116 54151
’15411545 n 6111411656, 5 (14111114514,16
Ἰ1111465554 6141164 651,4 041116171171. 69,6 6
’.1111114614Ῑῷ6 651415 61141456 5 54114144 6455 9’,6746
11111577 2 611141164 591 1 G 1114 546, 44
61617164 6141161 ndns 4775, 5 (1411114147 7

191411574,1ο.555,5 6116147567 (111114 645, 46
6664166714, 6 6111165611 Ganymede 575, 7

6161415156 6141164445,5. 666,5 04459645 ,4

1415464754. 5666. 675, 6111614656, 4141511416 56, 4
6111161111 557 ,16 0445111475, 5

61416114 56,5. 656,7 54167165
’1111411146646955665664 61411, 6116676 ,114 766,5 5161116655

6. 4.
'unnfim'y 541111 700, 5

4166161545, 16 6111114665, 14 51111111 5461 595, 5. .656,
6661111449, 4 4441446116 7. 645,44
6661111661. 694,7 61166557, 45 541114 4,6,7 754, 44 ,
1441411161 665 5. .715,5 6141661777, 5 5411144499 ,4. 457, 6. 655,
1414416759 6116514,6.551,ι4 557, 1 755, 55

6141147, 5 '- 744, 4. sem 5411111456 5. 656,6
'undem 146, 5 611611 446. 5 5111161 ⁶58⁵

’4495415694 6146411645 56,5 gaudentem 5,6 641, 41.
14611454, 7. .651, 1116555 6116414 665 12 764, 45

5551555964, ιπο . 6555455555596656595751151511411516,4 666,4.
1411647191 664, 6. 716,4.774,1651114146’1661,6
1111615665 611444 5546 654,4 5416165164Ἣ76617656
1411111544,5 6116117465 5114611 1616. 595, 5. 8551,5.
16111455,.,..5454666516. 66411167156 (65,6. 715166664
14444 46411· 64416 6146444444 1·11···ο.44·4.6·1·444
6616165645, 2 6ᾙ1441136413· 91671966 11116134· 41106940· 63661161
64116464 5556 1614114465 667, 46

46667755. ..6565 ..945 ιο funum 588, 1 51111114 4664, 4
41151457,4. 65,6 546,.4 fusce seem 511114471,6.441,7. 564,
6611441611 ἰ’ι 111141414ῃῖ 141, 41667 ,4111111618οΜ ⁸⁴⁸*
4404444144910416 6161111, 61111111 5411146554

414411567,6 6111144655, 16 51114544 745,6
nodutum Mami-⁴1 556466557544144455

4611167651 51411115. 4
414591,611116111697,46 6161641 15455 5161141667. 66741. 719, ’
4451616111 4161117765 6116146555 5. 751,5
41441441 ·1·144·441··· 1444 6111414444

1144

⁸524 1111116 5 9· 4544 10· 9114 44111111 574 44

 

