,61117777 311915563959 31769596413433
11359539, 45349. 366, 5 6111619776, 99 imitamen&
433,.3 479,9. 777,9.195955599591193,9,7 1971995959· 4563
39799111995916599493 5999719595 674 3 ’
1191936793, 3947 3171996943
immundi· 673, 3 19977599,5.5.1955799ι9594,4ι
, 5959959695 3396 733,3 3mplet350,n
3333330331346‚1 3115991499,9.733,4 1171169193ιό,9
’19699965 999, s , 1595959965 339, 9 3179165959 443, 3
11391533, 59 ’ 95559939,9997,9...463,41171196599959399,9
3991559749,3 339,7. 663,3 1971195349,7
3916967565 11555541. ¹· 5·95·9· 656 7191567995
mammon 1599759337,9.335,6.665,1171911545493,3
6665566567 4· 7597 169555556655
333717,5. 359999 6175955556μ9 399,9 1169597343
39935449. 473943155 317591155463,53. 6933 1979113539 3943
5195999995 336 3 9997555599 373, 99 6175959995 336,4
¹ 1955169399, 3 9999755569 63, 3 11795159493, 769993.
3mitab'tu65m. 377, 59 9179556599 939,7 737,4. 363, 59
3996555516 699,9 1179699995, 9 9179695799, 3
’95965999 346, 99 59979695 379,7 6137965595ιὸ ,3. pm
5115995531 6633 3179619999,461,’.7961954967 3347

3165959647 33596 1791113363 1165513393
1111513339 , 6179115335, 9517165995 9614

3119599591 399, 59 1179119595 4ο9,9 1957911599 766, 3
59195595. 3917 1997955169 399, 9 imposuere 649, 6
imitatus 375, 7 3179919665, 9 3179691119 9694
1555596195 1595599795 1559555555 5595· asu-333·
’19599999 9959119946 impetamu- 77553 3
1119599613 impe3t501, 3. 97, 53 617591149699
3919995456, 59 1959799699, 6. 422‚5 9175191· 699 5. 665,7
’5119915 996, 9 1795615363, 9 493,7, 793, 1997559155 794, 3
ᾞ13116699, nm 59979959’9’3’7,’7, 9693 967,’1ἓ’,’51’95191·’5’9’6’9’7,5
flammata 399 30 3. 399,6 3m533meet⁶310
inmensum 3973 9997959915 679, 99 6171656493. 69949 =
9955951195 3667 . 5179919695 69,7 91799159 ,39 9 . ]
immerentes 4552! imperiosus 79ο,9 3mprobaturun454,8 ¹
6115999515 939,7. 437,771179935«963, 7 mprobe 634,4. ⁶5⁶¹!
3611553661 7651 {mitum 570, ⁸
11191199539939947, 9997599545 799, 59 3971133499. 3936
..65651 11313311. .... 13111336*
mmmmm 9199 5791 9595· 7695 199555165995· 9595
1991159745. 6399 31711669733 3941ὴ6153333
ἱωωαῐὺίἢο737,3 · {mpem375055 19975515 443, 3
mamm 59979595 739 3 1179191936, 3
,1599973949 9179975341, 1175569595 349,, ί 4979
’.5969599959 99, 3 3mpetuto 779, 6 ’31796659 436, ”6
unimam 346,9 {mpetu 457, 59 3115553333
induente· 55‚7 9179555949, 4 973,6 376,6 1599751965 933, 9
91159915 63634 59557959 639 9 1597551153 ,9 ¹
3413169313 1597655337. 5316545, 3. 11751153 7’,6 1
1915999455· 55 ⁴333 555 5 511· 5· ·199551.·75 5· unm-2 1
1911655611· 5695 5955. 999. 2· 5559
599551653491997119’53,6.533,6.977,4, 3637. 3993 3965
61115699 ,96 ,, ς· 796, 3 9179ιί51941
39551955915996 97573995 466, 4 3mp=ta33 4647 ιο

· imum 11591559599 5959 155555 6395· mm!
’959956 11559393, ,95 9179799379,4. 3931457,Ι 399555 3,73 ιο
iambitur< 6, 93 .753, 805 39,7 95 79595993 3796
6119119996 , 6176975573 3, 9 39799139373, 99 1
1169594965 3559719599,3 3396 17119965175937691

59599595
1
1

 

