Χ

, 8761111ιό611 0111111111.

tolm'busmsir 2494 75²4 89595γ “ 668, 5. 86651 ’ ·
111161159196, 1611111111 1111111665 »11111611761,5 ’
edum 71,4 16111611617,5 concedi 914, 11
columb 4185,6 commotus 657,·1 conceditur 7'49‚8· “⁸'' ⁴
1111161111 9795 eommune2n,4. ‘5⁸722 concentum 78951 ³ ’ ·
1661111611 14659 communi 576,16.“ 696, 5.* 1111161 5547 1· .
columbi 77191 8441. ’ concesserat 11876 '⁴
caminam, 11 » 16111,11111ἱ1814,4. 885, 5 111116111965,5 ,
columbi· 9, 6 (6111111611 774, 7 .' concha 551, 1
columnam-‚⁶ 111911111481,1.756,8·1611611’·674,1 ·
1611111111 9199 comedia 544,1. 5488811111111179μ
161111111151,1 611,1, 846, 4. 886,4. 161167111455, 5. 65154
16111111111591 897,5 , 674, 5. 75645 ·
1116111115 16191111475,.8 , contudit310,«3
1111186,4..511,4 ,161911514161 8596 11111111511 ’ ’
eom· m,7.·391‚6· 464, 161191111167,1 . νω1111ἰ1111866,5

3 1119111116,6.417,1.44171116169415, 5674
comam. 195, 8. 561, 2, 741,9 · 16111111 76971 59444·

4, 469, 1 compedibus 661, 1 11111117761
1111111·551,6846,4 16119111115846 ιω111ἰ11ῖ1185679
1111616111 141, 1 compellar-762, 11 concinnus 535‚' 6. 615, 1
116ωώ1161 7619 1619111111617, ς concipitur 199,4
11116111995,5 1111111591, 14 mingo& 1, ·
11111169,7.984,11.418, 16119111818,16 1616111914 Ι

5. 556, 4. 57116711, 1619111111781,8 1611111176176· ·

6, 711, 9.»817,11. 869, 1111916176, 1. 917, 7. 1111111111 548,5

1 741, 1 , 11111611546,8
1ο111111111ἰ11684, 14 1619161111719, 11 conclusus 551,·1
1611161611156556 11119161111589,51 111ω11611161111781,5 ”
ωιιίω111879, 11 1111916111864,9 concredere 697, 7
enahim! compescitam 111111111918,1 =
111161 117, 1. 551, 4. 6157 compilasse 515, 7 1 161119111111·441,·1

4. 66649. 6ο9,4. 716, (1119611151ιῶ 161111111574,4

7. 8698 · 11119811641,6.665,5.698,ι concurrit 851,4’“ ’
1111111195,7.811,16 1. 7189 concurritur 516,·6
1111111191,9.116,1.11·95, (1191118514 87113 concursuu599,r -· 1

9. 4οο,8.419,1.557,111119116ἱ454,7 ·1611161567,5 ·

6. 589161 659,6 1611911111561,7 1111115541
omiti 768, 1 1111911111 611, 1 1111111111119, 1
1611111611891,8 , compon- 5181 1116111491
1611111611 869, 7. 855,1111196’1111956,5. 5117, 1. (1161111764, 5.
111111611815,4 5, 5. 999, 6. 616, 11. 6611111911, 9·
mmmmm 61· 116. ⁶· 8111 1014717111 ,
1611111111 ,11 87917 1611111111611,8,16
ῧζέἷὲἱΐέξὲᾍξ ἰίἰῗῧέῖἑὲἕῖῧῗὲζε {2:{15³;2;‚⁴÷²¹²’³²⁴⁸¹·⁶

1 1 ·

1611411666 888, 1 1611511111ιί1746,5 ’1611111111495
16111161 17,1. 416,16 1611911111641, 11 ⁴ 11165614688
1611111161 558, 16. 551,16. 111961878711 ’« 1611114511 5

81411. 891,9 .·16119661146,4 ’ 11111966911111118111985,
161111ἰ1ῑὶ461,5 161196611516,4. 58911. 3ι ’ <
1611116111548, 7. snm 6495 · 1611111414,1.551,9.841,
1111ιὶ616694 1119661111 8971 11 ·
111111111161851,6 161918111585ηῐ 1116117594 ·
11111611111111, 7, 579, 4 1119161595, 11. 6199 1111111719. 19. 719, 1
commines 718, 11 11119111· 5559 1111111611844,1
maletis 8611188111 1611967111 1111111111147. ²⁶92!
1611111111 711, 7. 789, 8 1119161466, 5 16115116 499,4

186119, 8688 compulerit 96,4 1111111967,9 ·
1111116611 717, 11 conamur 273 1 'conditum 711111. hag! 761,
commedit 511, 1 Concanum 161,1 17
commodiu- 578, 7. 6591 16111111557,11 11165111711111611164, 1 -
1111111611394, 1. 776,9,111166111545,1;. 55 1. condamm

 

