166466766976 0776177767.

1686777367 5137651173· 54673· 3· 91177

7166176 767 6. 6333. .661, l'734,.1 7,.3 9736 9677676,1.191,618774676399
3 3⁶92’7 96669763338. 738, 6. 6. 873, 66
,7766677969 169 10 , 11111677 7744
minuma 7177171· ..737 71 7111141474 9145 .
7167666833. 476, 6. 839, 9164677766 78,4 7636. ponetur 3366 ⁸3²2?

6. 887, ς. 91416 7743 1111116679· 711179

1771· mm 71171111 51176· 766611111111111.

‚mmm 6,,,7 7111111776· 41174· 616.
1176167376, 64. mm 916771867117791161466,8 6. 367, 74. 83366
7166164737 8161666663, 8 ' 977171766867,6
1166118766363,3 Ρ17776761666,3 9047116834. 346,6

11677186 6036, 7334 pluvii 6338
11667616 aquo 836 60 91776166 7676166736

71666630, 3. 377, 3 307, 9117119666658738

77. 7639 9638 90667Ιί64636

, 7111171674761,1ι· ’,

ponte 646, 3

61111666
96671366, 7

16666691666767783,7 potul 7766447, 4. 4ςο,ι4, 11677ῑί66636

1,,111117476 14177· 74171 464711
>lenm latici· 960, 76, 6 9616476 3934

Ponticum 3336
pontifex 360, 6. 4936

7166774634. 6633 8638 9617766 8,8. 3333, 844, 96666666669,4, 336, 3

1676966836, 7 876,6

,76719663764163 67, 963, 7

9167776476 668, 6. 3636. 9116766676 1667367617 730 6

{32:³- 1⁶1,12 8734. ro 8443

880, 6 9661616117 364, 6
7167661960, 66 penu 176766 490, 8
7167676 76, 3. 6836 peniteat 363, ,3733
,1676766934 11776677333. 799, ιο
710767 368, 6. 867, 63 9616 79633
,16766668687
61076611 186, 8
’1066614946Ῑῦ

716766 666,3

716661 25722
11060348, 6 f
1111188110 6619 3

’1617176 366 4. 677, 3
1777664646 6636
71776716 636 3

7177767666 443, 76

906116666616 866, 7
Pol 767,7. 863, 73
Polemon 66· .,4

· 3661161894, 6
pollice 864, 8

3· 75974
polluitur 384, 7

36, 66 836, 76 8,3ο3 .

ponto 36,6. 366, 4
mmm 3477 81 ⁵

601,.7 68717· 11111ί 60162 1497616147 1081136589

11111156 7. ‚7

7171111765.
9691667688, 8
90917616 67 8,3
9171117167 ,17

9116616 663, 8

96176 9637 847, 8. 836, 9691466767, 3
66. 8.79,7ο 976,3 969161166646,66

1111116 11111 4907 9'
71711111· 176 4 .
popu 17711777 666, 6
9697717716 647, 4
populate 676, 6

961Ιί616666,6. .663,. 7. 383, populea 36 4

9697717, g 7717. 3738. 67,,

86116433. 6033 6637 4· 117638

7·.7177ι 77111...

,1666667433 8736 Ρο,13,.77768338,7.868,3 6333 3837 3734.

,776677674776936 7111149471
1160176633177315 Ρο11111111611776
71666746, 3. 371, 7. 8· ·3137 7111·Ρ11117015 68416
6 486,7. 36646 336. 1111111637 1· 63179
:⁵ 7776 6171 771677.
369,6, mlo-9¹17! 96761176 32,2 7
7711167,,476.7663··64772 Ρ111111111,176
544, ι,ςῃ,1.3.61’6.393, 1101119610011119110788,6
6661. 10 616. 3· ·.764 1111711667

306, ,6. bam· 738‚. 3,
1118 68913

7111161171116 7466
7171111 1147.

. 96967166 arbores 434,ss

9096167116777. 730,9 ’

96974176 67167 660,6. 867,

9676343334
967616 766, 9

6..866,7 8433. 848, Ροε669’11776167797716898,6ο 116ιεὶ767638

Pomponius 349, 3

4161766468, 76. 336, 64, 9676166634
6336 7334, 877, 6 pondera 75⁶ ι
6177717666 364,3. 366, 66 pondus 767 4. 309, 8. 666, 96776616 466 6. 436, 78,

8683 3. 876,3

6167167666 969, 4
7177717666 83ο,3 476, 3. 798, 76

1117716368, ιο. 3733 396, 96666736.
4,,98345· 66718

,837366 3137. 6. ⁶72, 6. 7737.

porco 366, 6. 8οο,6. 8436

96776766 636, n. 747, 76
67916697176666 36

466 ..16 ’8,76 6.176,4

. 9677690,3 9171·191·4·11111611671.4

9677661766 697, 3 ⁶²⁶27·

19, 76. 374, 767, 69
4447. 4 6461176. 7111111111 643 ..7 7676..
19117 714. 5571

 

