INDEX

§mmm sevonum ιο· svm· 1101 1111
6111111576,5 6191101194,ς.407,1.766, [11706104194
8111ιὶ14486, 5. 6645 6611. ’861410 [mptum 141,1. 5856
61111901, 1 senum 11111Ιί1 719, 7 874, 3 .
8101ἰ111ἰ118111011111817μ 817111116116111797,5 {apenninus Afra 7151 m,
semota 827, 7 81711111. 170, 1 4
semoti 19,4 sepnmiumngm 81171161101418, 6
6111605764. 578,7 81711111111·70,1 1ὶιρ·161ι.1175,6
80111685, 9. 689, 15. 690, 6960101697,4 few, m. 165, 2

1 . [epulus 589, 8 [11140116. 645, 15
6111161871,1 [epula 1171. 237,7 6116111856
(mmm, 4· 205,5 8171111111 155, 2. 445, 7. 6114117418
senefiam 111, 5 691, 5 [1111111901. 3
6111101111 ²¹7· 10. 4584. {epulan 298, ¹3· 646, 9. 611111101751,7

473, ι. 678, 5. ⁶52, 12. 6559 1111111159, 2. 5154. 554,

81510 69111(117η465,6. 587,11 5.751,1 7568815,
[1111611111 500,8 11711111 401, 4. 671,6 8· 8159. 901,11
8101111448,15.605,4. 689, [191111.- 858, 4 81111191 865, 6
[111161185ἵ891508. 11. 719, mssfiagfff’ 8195Ξὲ1, ¹, ἰ 8662591153, 513565. m,

5. 751.1. 858,1 6411114085 · . 2. :322‚7
¹ senescentemnm fzqu2m=1r527,10 , 111116186514 7

810186176611 [1411111111 506, 2, 514, 7. 811111498,1ε.555,10.778,
[cneum 64918. 665, §7⁶25 4. 7094. 5195 8

6. 8841 [100101019005 6111111051
81111511,5 . sequere 861,8. 881,5 [1111105505 8
111160171611 srquerer554,1. 577,1 suvatisb55‚7 7
leudem& , 64101106559 {enimam
8111101888,9 1171110101587,5 [011111157610. 5991 8
1ωἲο1651,5 6511111165,5.108,6 611116,6.154,ι.759,1. ’
81116111ωό096. ι901,11 61511194,7.95,9. 541, 8. 8158 8
10111,,ὶλ16,61608,5 7754. 861, 8. 866,5 6111117985 5
sen³s.gem·1.a“ senex, 676, 6. sequitur 511, 5. 711,9 [11111111 885, 1

6 30, 4. 8157 sequor 565, 70. 595, 8616, Se’vi 611, 8
81011118151, Ι 6 [1111111564 5
fenosss95.1 “ 64111111111578. 5. 915,ς 8111811146775158016
8168110573, 7 sera 144, 2. 188, 4. ²97st fervvle 712, 5
“ 8111611755 8111155, 10, [1118111144ςῆ
8006611475. 2 [erendis 876, 8 servihbus 589, 4
8116111111 719, 6 sereno 141,6. 477, 1. 677, Servilio 715,6
sensu 170, 15. 586, 5. 647, 5 [1111114644

5 wwmvum ffiffimw⁶mym
8011111556, 10. 551,7. 755, 611611001011160, 1 11. 1653

1 ¹ 61815087. 656,1. 881, 6111340116. 709, 11
fe'nsus538‚ 12. 539.6 6. 891,9. 911,5 [01111188,5,571,5.775,5
8111110111 481, 5. 511, 2, Sericnsu4.4 - servitio 691,1

601,1. 751, 8. 804, 7. sericos45qst 6111ῑ1111185,5

8·8.11. 8911 61105641. 8941 8111ἰο1,617,9 6551
ιἐ1.11111ὶ11001165,1 6111111641 8111041111. 515,η. 705,
11111ἱ101547,1 8111110548156055. 611, 10. 800,11
1506111475 ’ 4. 6998 servorum841,3
sentiet 550, 5 sermone 556, r)- 601, 5658, 111101511,7,557, 5. 566,
ΜΜΜ61 · 1661Μ7681161ωψωυ
ίεηῐ1505. 1. 817,ς 0.861,1. sm. 895, 6. 650, 5. 7585
8011111551, 1. 615, 4, 705, 2 . serum 70⁰²?

11. 815,11 61111011110877,5 81111115, 5. 65, ι. 8451
6011111645, 5. 751, 7. 768, 61111.11101157,5. 185, 5. servum 557,.7. 756,n

5. 801. 5. 841, 6. ἰ8117, 854,4’ servum pttu⁸820‚7

3· 87S,1 81110οηί548511 8111111665, 8. 705,1.705,
61111111,1;45,1 8111110166111515,9. 690,15, 1. 799,10
8111101100, 3· ⁶897 8419. 860, 5. 879,4 ἰείηυῐροήιὶῑυιήι 88ο,8
Iepmtis 154, 2 6111110111 581, 6 [essor' 865, 5
(εροιις1896,6 81100116746, 1. 878,41111011887,5

 

