876777777177 0777777777.

67677499μ1499ή 17179744 , ¹¹¹¹43321· 7187871168

7766767 ,9117717 1,777967147 86611617 5 mm Μ· 88978· 8976
fame, ,7771777777 1777771777719 ⁸ 7991

1617997, 6 1667767677 ιι,1467 9 111767166 ,6
76171771 797 7 1116761694, 17. 91749 1111671797,
77616777,17771966 9 idoneum 969 7 111161776171767889,4

iafiantior3358 1167ω7199μ.7941,7796,1,11716,7. 488,6. 499,8 ‚ ,

99979· 79996777 7· 7979176711977777 4177
71617719814 , 1671466 1176617 3035

1461167719, 6 ·96671796,.4 98, 6. 1699. 7176619979 46ς,8
19999679· ¹¹ 7677 1477197777117991769
¹³¹¹2¹⁰⁵⁶25›5 ..7²¹¹⁶· 814, 74 11164411. 66. 9. 979,4.

16ἂ766717777,77 96917177 46, 7 81, 9 46 6,9
76616167 ,4 9697711666, 6 111671 797,9. 611. 699,8. 476,6

116111149, 91 “ 9697711167716777667898,4 11117777 649, 17
66716717776, 9 9691717666, 6 111614οι,7
7671771967, 9 Ι 19717197976697,79..,7767 Ῑ1911797497,86
7κ7177777869,8 797776 7996 69,179 2842,4 1117617769ὴό
,scomma ,9 97777717 6,679 1111677777 1111711769, 9
77677177 88 6 · 19717717οο,9. 840,8 11116797761117461, ι
967199641797711896μ '‚ ’111697766949
91, 6617166971 986,7. 197171 997, 2 8¹1¹lwu¹e¹nn²3²²1¹187
18187169911711118108 768, 91ξ776ν91694583,1 1111161711 8}ss
...1761ο ¹. ³⁹¹ ¹ 11188111 11311ἶίζῖ
1177677 67959 86147, 197671797, 7 71171676677794
umbo 879, {gnem 16777176 4117176 6649 11191714 78, 77
16776α7ο,4. .479, 7. 867777 7976711 18 77· 79,7. 345, ιο 111761977169, ¹
77717178,94 77 19761447. 55, 7. 748,4. 1117 maturanum!

19936967· ’ 97177 77771777 7111996797
⁴7111i301296,7.800 7o7,4 649,ιο, 71. 718,6 1877769998

7171107617966 ,9 1977116, 9. 778, 7 8197677668
71711697479ο,17.197,7977717798,9ιο4,9.14ο,4.1187774666
5 5²9¹8,²18²’7'¹3²⁰ 2. 451st 111ᾘ1881Λ61669660893 ’

77771 ⁶ ⁶¹⁵ 77777777. 77177, ,, ·

1677716719’,49 1971777477,4 ¹ 111677 711,77649

17967118, ιο 1977111697ο,8 iuna 7717999, ιο ,

Iapyga 76,7 9977111111Ι 869, 3 illum 1917777 699, 9

Iapyx 946 77 ignominia fa 834, 11116771, 9

[7776747971 ¹8¹¹⁰¹¹¹53²29 1117117777 476, 1

[ber 6974 1777717761, 7. 898,9 11171116776971. 699, 8

117671 718, 4 7977617776 899 7ο muru· 784, 9

1176711449, 71 1976761789, 9 ι1111777 7,78 1ο
66769896. 4694 1771117879, ιο 111971716176Λ

1671711447, 7 . ,197716179997 1771779, 1. 6.991,1 .677 11

1667177747) 79776119971719171946,77.99ο,7
brida 82, ι . 1979176771 543, 7 762, 12

8777776749 1976166ι6869,8 177791761998,9. 4949

17961967, 19761767 948 5 17719777 96 ι

,44114898 7977161876, 77 7869171171977, 6 ’ 7
67711199 · 1977166991, 16 717197 49 4. ⁸⁴3⁶ 348, 4,
'mmm > 7977719499. 7, 9799. 889,9 669,.7

17617791. 78ο,1 ignoti 4647, 17161117691, ιο
ἂ6984,-1. 987,9 19766794ο,4 177661611171766, 79
6118777997 7977766677 unhelle 769 77

616679, 8 7976777 570, 9. 977, 4 1766116779 979,6

6111861. 97179 7967777 9919 8968 3mbellifi4,4

617 amm, 7. .979. 9 966, 6 7977766679, 9 ι7116117717,9.146,77 428„

61711717, 6.,461 6 8991 79777116 769 ιο. 9ο9,6 177117,7999 3. 937,47

19167. 977,7 79696 11671777 825 9 617117661671898,7

74.. 5⁵0² 74 79191777· 1777· 796· 7 7999191177

 

