8011101011011 01111111.

111ῑο607998 · 1911104890 61101555, 5. 8054
>ethnam 518,0 spiritum 156, 0. 218,⁶.380, 6111151, 1ο. 554, 11
91611011 109, 5. 604, 6. 5. 668,11 ’ 61607801

849, 6· spiritus 220, 9. 056, 5, 595, 611111 585, 15. 750, 5
91601004466 8. 4684. 548,9 61611051, 5. 707,1ο. 549,
916110100450,10. 585,10 spiro 57 5, 3 5
9101011105, 0. “ 755 ,1 19161 011, 5. 400, 4. 891, 5 6111011471, 1
9161081110 87515 69660 575, 7. 906,1 6061011866
91810001 416, 10 19 60 800, 4 Ι6116111877, 15
916001 755,11 6960610155, 3. 874, 5 6111111515,4’
’9161015 758, 5 splendentis 80, 4 ⁴stertebat 550, 5
9160111ἰ1751,4 ‘ splendet 015, 9. 050, 6. 749, 81115ἰοῐί 780, ’4
9101008809 5 811100111640,1. 667,4
91610101850,0 69606ῑο1 595, 5. 651, 0. 611111 558, 7, 858,0
9161111606,7.717,6.814,1 850, 10 611 654, 4. 690, 9. 904, 5
91811111 849, 5 splendide 297,9 51161600 5994
9161161700, 10 69110060101500, 1. 511,11 611581. 054,5. 550,0.
9161111586. 800, 5. 855, 6010οἰ0101 804, 10 508,10. 847,0. 878,4

0 · splendor 547, 6 61111169, 9
9160118505. 8898 [91106001 865,15 6101064,0.096,8.641,7.
91610111 847,4. 88815. 5900014404 679. 5. 850,4

890,7 90101018 ,4 ’8161011065 6. 401,5
9161001851, 0 spondere 901, 8 stillabit 910, 14
9160100704, 0. 8755 6900605685. 801,8 6101101710,11
916111111697, 10, (90067585 6191116595
91610101 860, 7 sponso 114, 1 stipata 855, 1
9161101750, 5 sponsorem 694,’4 6691101 545, 5
916111 506, 5. 750,6 sponsos 097,5 6191066004947
9110104046 sponsum, id est, promissum stirpes356,7
’911111 540,1 558,10 Stoice 650, 6. 667,8
pem 00, 5. 48,1. 507, 5. 6900608196166900810· 8101014591ι

408, 10. 505, 0. 684, 9. 0001860, 10 · 6011514,8. 506, ιο

686, 6. 756, 9. 747, 6 sponsus 146, 6 0000849111
1110 6110111οἱ0 1001111895, sponte sui 780, 1 600101111τί1 754, 5

15, videin 11 6911101454, 11 stomachum §492⁶
pem mentita 617111 767,0 spurco 684, 1, 6001161069, 6. 651,’4. 651,
91106ῑ101747,8 , 1500117197 15. 678,5. 680,5
91110101 850, 1. 900,0 squillis 678,1 6001111061791,7
911111 140,0. 408,4 616101 bom 6010106010 6054. 617,5,
91101507,7 61610587,0 714,4. 790,5
9110604, 5. 189,9 8106118 646,9. 647,4 6010010001,ϋῷ,600065
91111001 808,8 stabiles 895, 4 6001116111 606, 6 '
9111111648, 5 6161614969 8111800110 554, 10
91111 8, 9. 5945 61606067 6115081649, 15
91111694. ¹ 01606100, 3 6111010111 645, 10
911001 876, 7 61001 010, 4 stratus 5, 9
90111059, 9. 116, 1. 605, 1. stans pede ’10 uno 545, 6 struere 59, 5. 69, 8

6851. 74ο,1ο 1810115490 6111ῑ1417,10.656,4
9110111085 1. 015,0. 055, stantem 150,0. 500, 5. 686, strenua 551, 5. 779, 5

2 . 1 6111111111. 9· 7⁶4. ¹·
91111115, 8. 048, 0. 606, 6. 6101115451 76511

11111. 161. ¹0 01111101 8111ῑ11111.1·519.6.811.1
911 155, 0, 5650. 580, 9. 00185815 6119111110 64, 7. 500, 0. 554,
407,1ο. 708, 10. 800, 0. 0111011110 657, 6 . · 4.Ι 574, 7. nm. 788, ¹3

110, ιι ·’ 001101 81101111008101861. '

111161161101110001611101 7· ⁸7925 ·
750,5., 810,5 61100656 6119110110, 5. 4095
18011499, 1 statua 861, 11 61161178 , 15

911011 64, 6. 5548 1111011644, 5. 685, 10 6001117049
11111 11111111 00011·
6661711618 , 0100661161 *denuda ,
1110140100. 8461 01101159,5.518,1.656,70111505156 ,

,0
ι

⁴

 

