INDEX

1161ῑ11»1·41118861111 11187 -
1166131111 111,4 11818 1111, 663, 6
, 1116118131,1ο ηἱὲνιι,311,11. 33911
111111481,11.361,1ο 113111831,9. 838,3 ⁴ gjezit403,6
rediret 9, 1 , 1136114667. 786, 6 1131681644, 7

· redimam 1131113331. 893,ι 113118ε19ο,11.396,1

11881196, 8. 383, 3. 393, 11411716, 13 11111434. 363,9 4
8. 764,3Δ 831,11. 911, regit 16, 1. 890,6 111161 114, 6

11 1136111111, 136, 3. 168,4. 1111“61716,4 ⁴

. 11161ιά81863, 13 189,4. 486, 4. 343,9.11·11ι11489,4

reditu 376,7 som eeiegate 611, 6

1181111383, 3. 474, 3. 737, 81317671. 381, 4. 38316 1141311198, 16 ·
..11315εὲ1817 888881ςέ, 1,. 81783ῇῖ,
116ῑ161173,3.484, 1. 814,6 113161 384. 4 1111611 173, 3. 371,4. 633,
11861661331, 11311166,4.146,1.311, 1. 7. 767,η ’
116611111174,3 ·367, 3. 331, 3. 383, 3. 1186811333. 4183481,
118111111141,7 643,1. 736,9, 774,6.. 8. 3666. 866, 11
reducet 473, 3. 667,1 911, 3 11116143, 1

1166111 317,3 , 1131136, 1 reliam 127, 3
reducit 196, 1. 368,1. 847,7 regi, 111111. 8 31,7 reticium 348, ²
1116611 73, 3. 431,3 , tegi, verb. 898, 1 11831111 113, 1
fedolium 869, 9 regia 776,1 uelites ²3¹⁴
1111111161 1161816· 161. 10 1181111181
,1146111863 11 113111 116, 1 κῑξιιι 193, 8. 463,7
11111173,1.764,8. 7681. 113611 141, 31 113, 3 111 86391, 7
866,1 11316611,1.113,4.313,16. 1686366633. 3936.
1111111111· 1111 ,6161811114 7611
1181111681,7 regina 113, 1. 139,6.133,1, relinques 316, 9
1111111114118 316,6 343, 3. 499, 6. 7336 111863111166687
118111149 , 3 regio 347, 8. 791,1 ¹
116111111766, 16 regione 746, 1 118·1161111116,1
‘referendus 832,5 1161111· 161· 5⁸1‚⁸ ’1811111111 ια ”72¹3 ,
,33114111 39, 3 regis 6711 877, 13 , relinqueret 173, 3 1
116111611334,11. 391,1 114ί1,6116.13ο, 1. 448,7 111ἱ113111761,9 i
eet'treneis 376, 1 11381161, 8. 189, 9. 333, 3. relinqui 916, 1
referentis 371,8 · 444,1. 811, 6. 816, 11 reijnquit 117, 1 166, ’1.
1181163731 regium 163, 3 · 866, 3
nferre, 1611161137, 3. regius 146, 6. 336, 3. 913. relinquunt 183, 6
8738 1131111663. 131, 3. 161, 1166311181666, 3
116111176ωὸ 11138, 313,1. 6417, 6.487,1. 834, 7 reliqui 771, 4. 79ι,3
5,,,6 1131166146 11831ἰ1481,6. 489, 88336
referret 738, ς 1141116133, 16 1111611111 376, 7
11111ῐί831,1 1136111167,ι 1111116,1.3οο,3. 3646
1181117631 1131161761, 3337 317, 6. 313,11.318,11.
ecfert, 71171111. prinm' 8116ὶ11361161366,9 · 3386. 347, 1,16. 333
270, 3. 283, 3. 483, 6. regnavit 366,9 16. 393, 6. 643, 6. 633,
8681. 841,1 1111111536· 1361 1. 691,6. 76811. hl.
118111, 8117111, primi longA 1131111736, 3 11. 831,1. 866, 11
631, 3, 768, 3. 867,7 1131131111. 361,4. 371,1 7111161111 16,1
refertur 814, 4. 888, 11 11316,6116.771,4 1111111111 377,8
161111141311. 849‚9 1141111131,3.-63,6.138,3.1811184377
11161186 ³¹3» ⁵.- 1111» 111. 1· seminem '¹
611111 81111· 84116 sem· 1168· 1161 1611118111
11811487, 3 regula 341, 1 remigio 6133
1161181813, 13 Reguli 268.8 16183866738,8
refixo 168, 4 Regulum 5²28 111611 146, 8. 877,13
reformidet 768, 16 Regum 11,1. 131, 7. 193, 8. 11188111 886, 4
116οωὶ667631 . 118, 9. 139, 4. 317, 8. 1168616734
11811613333 “ 3331. 416,1. 343, 3. 1161ιί1ῑὶ 816,1 ,
refregit ⁵50,2 ⁶0s25·. ⁶2⁷25· 111» 3· 111181 11011
11811113ῐ1131,9 734, 3. 736, 3. 774, 6. 11111ἰ86414,1
118138611134,6 8361. 848, 6. 848, 8. 1116611131,3 ,

 

