· INDEX

ἑω98ομς 677,4.678,7077171107167,7.444,9490,9 0711974, ι1,67·.7

0910007796 0174010104607, 1 0464157178 649661167
61117679,6’,0077471817 9 4777,8

a 71711104 99771. 969, ς 00777778, 9 0116441439643

0107711111 878 9 oneret 798 7· 77797101747,ιο
7101917,4. 9789 619,9.007717846,9 077114777, 7. 94497 678,
6104· 7444· 7484· 44784· snm-53· ⁴· 7484

444444· 44444· 44444, ,.,

01907777 778 ιο 0077117498, 8 777111076977
0170710077, 7 0004179104 07711017 787 7
0170707694 ” 7071107977, 10 ’ 7771140447, 70
0170700967 · ’ 7000006971 opponat 440,9
8888, ’ · 88⁰8⁰',⁷,⁶,¹’⁸ 88888'18
4414141, 1141411, 46174444·
417444,;-··1,;4,ῐ“.·;·4·,... ,
23:83877338596175‘710 666618 6463664 90987 εἷ’ζέῗέῑεξςῖκῖ 77999, ι’
007ῑο778879. 796,9 ’0740170791910 7544 ¹⁴325
0014048766 ’077777α7177.179,1 0771761117 71, 9. 67797.
0171079749. 8197 0777471 71.174 784’,ς 799, 7
0011179, 9. 71406. ²55, 4· 070044101701101010899, 7 077706710976, u

(76777. 779, 7. 797, 9 07470 7101007178 9709. 777701710017984. 9979.

914,.4 977,.7 977,.7 678, 6. 690,6. 897,4 410, 1

778,1. 476,.1 4769. 070011070470910 77 7777777977, 70

447, 17. 474,8 900, 70ῐ operam 7017177919 5 0777700977,9

916, 7. 609,8 operat 904,6 798,6 07117 947, ια’,ῃσ 2. 7¹¹·
«0001011770061701979, 1 07714 90477 7788 2
010079οω707, 7 07707947, 9. 618, ιι. 879, 07614499, Μ. 10. “81¹-
0070007 497, 9. 708,17. 77. 6891 7908790711.

1801 'mmmm 4141441147 1
00077101011017,177..747,77777010 9107 0711717998 1

7101771941. 94, 9. 109,1. 070011οω7498 optatum 478,6
178,.ι 767,ι. 777, 7. 7771777907 ’ 07171740
18,9. 407,1. 49 8.,6 0747106406· 0711707976, 7. 67788707
44,17.46.7,4917,74. 0707071879 77917 optimemee, 3881· 114.
540951140014· 7044471714 8 729⁶ ¹
74. 966 4979 ιο. 976, 07770040107018799 optimum 97617. 3⁸²⁹!-
5⁹55ss 1³8¹' ·.141 7· 71. s· *21¹² 8⁵3⁴. 69944444· 794 9· 55041170·
77701199, 9. 4704. .947,.9 077001010071070149189 0741 0869, 9
. 9761098919. 906,40771001119147169ς,6 · 0747899,6
7070774477 9718 0707797,.1 917,9. 79104 07017017 79, 4
omniu 74717 butum· 711111 98,7 10. 8,700 9. 49, 77. opulentfr796,2
71171787 8.11,9 617111. 990177007997,9

70017188. 79,.9 978, 8678 887, ,ἐς 900,ι 0700071794
. 6

497961. 988, ι. 9760711 7171797. n optumum. 4996.
11,4’,’.ῗ·6..ξῗῗ;.·;.ῗῗ·.·88111881.ἔῖ 6114811· “³'‘

· 00741117 7706.,7 799,4.0711177466,611

989,79.7 .99941. 987,7. 071100 70,
717, 9.· 0717071418, 9 ·
07001107 70011767, ιι 07107490,6 9. 6οι,ι,’9. 6744771,
0001006097. 877, 9 0710777189 9
01001777,8. 1894. 711,07177417777,9 740417 0701647ιῆ77
7 787, „, ..9607 .97ι,ι. 0714010769,1 7 , opuscula 746 7. sn, 77
784. 0 4804· 5445· 4714444407 mm· uus 67447.
mn· 640,9.760,9.0711114119611 497,9, 5 ,,7. ‘¹⁸0³

’ 70071010607799 ””1””811”””””” ””” mm·
»7 77700148· 7474

 

