· ' ‘1me

*⁹⁵⁴⁹ 6, 111111

6. 5794 ¹ 917616919111539,4 96111689
9611191. 79, 9. 68,6. 9691161611.561,1 96196411, 9491, 58661
791. 164, 7. 11919611111157911. 77916. 9611516,11.7’11,9.117,

116,4. 1491. 1691. 661, 1. 754, 5. 811, 8. 96191616617696

1491. 565, 9. 516, 6. 856,4 96116617191

598, 4. 969 16. 965, 1. 9166111τὶ611 567, 4 purgatum ⁶⁴¹2?

3995. 44 5, 1. 446, 16. 9616111167, 1. 156, 7.191, 96141611961961 1,,,1
ssmmwwmnmssffiwssmmr
96116111 Cytheren 566,1 1, 788, 8. 866, 8. 856, 961961596477997991

,969119116161689 5. 7.·886116 1618114911 5· 54915· 5911

714, 5. 7697 9111115191 8611
9611146914. 57919166, pulchre 6168· 1916, ¹3 961111 86,4 ,
·4. 841.8 “ ’ 9611111111661111111715,4 96161695. 191, 9 411, ¹
961119111.81,4. 86, 1. 765, pulchri 510, 1. 8191 5. 7, 9. 575, 111741,

1. 347, 1. 46495961. pulchrior 67, 1. 181, 9 196, 6. ὅ8697

66616η118·16186·661 66661*

578, 6. 656, 6.· · 716, ’9. 961661114196.648,1.811,5 9619611419 11. 491, 11.

84115. 961,7. 9195 9611111161795,1 ’ 4497
9611916171, 81117191. 711, 961(111616755,4.ι 758,7 purpuram 1491

4. 8151 , 96111991. 4891 9619691194
96111161 ⁶⁶1,⁶ 9111161 588, ¹3 ' purpurea 701, ¹⁹
961111 118, 9. 159, 7. 461, pullis 418, . ⁸- 669, 1 purpurei 151, 13
1’,·.’466,4. 467, 5. 518, 96116 6598 9619111111 469 5

ffimfflmwmmmwm ,vwmmumm

4. 416, 11. 716,Ι 11. 799, 9611691 5491. 558,7 7196

17. 166, 5. 761, 5. 841, pulmenta 616, 1.“ 8195 9619611661 194, 4. 8696

4. 856,1 pulmentaria 6196 purpureas 0⁸27· 874, 5
7161161997. 4691551,9619111811,5.846,9.891,9616161181. 6596

ιηψψψώωῶιυὼω Wmmss

1. 8494. 888,7,16 pulsa 5196 961611111611188,5
9611666111 561, 11. 5499961116611391 9615898

66911. 776,1 1 1 pulsam, 1. 566,9 ”cumidem
961161 597. ,157,1. 978, 9611116996 966111111ῃίιι9419ῖ11ῃ

16. 388, 5. 496,1. 499, 961111871, 6 966111 546, 6

5. 548,1. 81414· 815, 9611116168 - · 966116 565, 5

9. 8895 ’ 9111165681 · 16118691
9661611661611879,6 pulsus §7¹²² 9611666 4ο8,4
9669614998 9611161117, 7. 691. 111, 1611618399
96119111 5899 5. 151, 1. 587, 8. 661, 9611167798
96161111595 1. 7191 9616118497
puerum 49 4. 119 5. 156, pulverem 1,1. 1591 96111515, 1. 532, ιο, ⁶21·

3. 390‚7. 576, 9666, 16116111491,·4 4. 668.1·733,12.·554,

5. 6891. 816,1. 856, 9611611175,1.167,1.719,5 11. 781, 9 8194

2. 90²·11 pulvillos459‚2 9661616899
9611194916 , 11161661791 96111619 4. 655, 11. 841,
pugilem 5681. 571, 4. 879, 9661139911. 547, 9. 8697 1. 867, 8

961111616166ε1111661591,11 961116 651, 7. 765, 16
9691168411 ‚ 96111118191ι 9616681917
9696158911774, 8195 966111116147,5 961111696,4. 81191
pugnabant 539,5 9611616869 1. 86917 9616111859, 11. 89914ζ
pugnaces 151, 8 punctum 967, 1 96116. 7995
9941111697. 1599.719Ρ1611181111845,4 9116168194

mum ffipmw vwmffiwmmm
96111616111661 1166616911 . 10114· 717. 816111
pugnantia 51917. 51916 Punico 179, 4.ἱ 464,1 9611191116 6191
96111111691 9691111658,1 » 9111111 6691.
pugnas, 111111 11, 4. 1691 9691111111 658. 1 · 9616161 8791
pugnat 270, 8. 7998 9691617198 9611666869 16. 4198
96911111 5194. 798,1 9698168495 9617817697 ’
91961114691 ⁴ 969911461, 16 911161614ςῇ1
‘mmmw7ffi9 www⁶ &Mum

 

