· 11111111Γ1 ·-

111111614,11 8791 11677484 · 65:⁸94!- 8774177,
19111417, 2 11611 1196
1111111111 7ο8,8 ’ *1611191914 ’ 1161111681911· 766,4
1111117711 116191169977115 471, 1111711814, ιο
11111167,.6ῑ188,7. 717, 111 1161111771,4.668,4.776.
7.4,787 6168. 7οο,1111111111177,7 7 877,1. 87114
7. ⁸3²2} 877,7. 878, 11ἓ91187η 1111177191. 167, 8. 61
1111117111877,4 ”7.’41.’7’,”. 1”1’7’,’17’.’ 181, 116111111’7’1’1,’1.”1’ω,6771,
11111111111161.’897,7 · 7. 774, 111.’7,87 7. 9 ,
11111111 864, 7 ’ 891, 6 1161111 681,9
1111811474, 8 11611111 164,4 46191. 5095, 1161811776,’6
11118171418 1161118, 2 173, 7. 711,
1111111847 1161111111 777, 7. 787, 7. 11. 777, 47776887.
··11ν111111 5881 ¹44⁶ ⁸79⁷ ’ 3
11111 4771 11611111 766,7.814,6116111111111187,7
vexat710‚8 745st 867, 116619611691777446, 1161111187, 4. 7741
3 11691111811111 285, 4
111117 4012 116111611876,4. 478,ς .81411111147,5
vexere 5¹25 11111117449 1111114797

11111147 7.,4 787, 6 816, ν16111111ῙΟ ’88888361 5· 877, ¹⁰

10 11611161971,11. §om 1171150, 14
4111115871, 9 1611111 bem 11711779, 96

11111117576 = 1161111111 78ι,6 117111671, 17
11867,14 1161111, 11111 811117171711711111117714
111119. 2 147,6 .768, ⁶30,7. 7477 1171811748μό 691,1
7718795476 791,116111,711111711111111171111146111711,6 87916
1. 8677 8119919118, ι7. 87888. 4641 1141117787, 7
111’11(11476, 6.· 591, 7 1111ῗ7171”4’ 791,1· 1111116111θέζῖ 1. ,
1117117 918,7 · vincamus 746, 5 1141111176ῖμ
. 111719, 4 ⁴ 1167116191 ’ 1117111776, 1
11111777,7. 447,1. 701, 1111111771, 17. 677,1 11711189, 4,8
6. 741. 4 1161111177 5,5 7. 649,15 1111171
1111111171, 5. 777 ‚2 vicdbor 77-,7 · 1111111499,10.617,1.187,
1111195,7 1,84 5’ .1’11111111’8ς7,4 7. 897, 7
1911111147 ·1,,5 354, 1711117747 1111116741.871,1
1811111111..771,4,7.11111111861,’.4 1111787.1
5175 55⁸›45 11111791,4 676,7.788,1111’11767,6. 7996
8111111 7157 7¹⁶7 9. 8091. 9,6 111111117118ο4,11
717. 5 Ι711111 3 1111111791. 17 7,.7 771,1111811611,6.677,7681,
vnum 7798 7ο9,1ο 7 ⁶56² ⁶⁶8, 2 8
1111111477, 5 - 1119991111.777,·7’1111116877

1·.·. ·1,.11 416,8.479116111116115·3487161811’1118169118589117831

749917 899111 8.,7171- ·17949
1111111471, 8. 691, 4 1161111766,9789,6. 791, 1111111111 767, 7

111111171 7747. 791, 6.,7718 ι 1111117147.

1.87,»«99 , 116111111647,9 11111161,7. 4191. 583,

11116791 8687 ; 11691771, 9. .417,1. 779, 3 5¹¹⁶,ss

11111111· 576, 9 « 1 6801919 876, 61878, 1111117191

’ 1111111191,11.7.19,7111, 7. 867.119,,7 1181117887

8 =1.·¹ 11111117167111161181771,1111111 7881 867,1

711111οεὺ37 ,8 'J 1.414,6 “ ,, ι’ 1111116998. 7999

·11111161447,1ο.714,14 1111111,11116111774,“7.767, 8111117741

111111178911.. ··,677 7. (1. 814, m. 11111111767μ1 6794

69147706, 7.- 8⁶5, 11611781. 6191. 71118. 11116946 164. 1ο. 3⁰5
κ ..“ ·’ 1168117111111· 1319711117115

, 11111777,7’ 819111 - 6877 6864177879 4. 74ο,16. 897,6

1111111111 11149. 1. 874,1’ 8811, 17 11,1111111798,1 ,

1111171117 1. -11611701, 58· 5597987184 *imm* 781¹· ΠΜ·

 

