mnnx'

9661566816, 16 9666816 668, 5 , . ιο
1111191011 166661666661111· Pmbmww 41876
9161665164. 51645664. 465, 5. 478,4 815, 15

665, 5. 76616 966666663,6.195,1·960.7 11666ω55,5.64 ,5
9661119155, 5. 8ο5,4 96666696666669.696166716591616661 ι,6.5 ιι
pannos 491, 7 . 96661116 9616 655, 8 Partha· 666 2 '
9611616661 866, 1 96661116 pareo 648, 6 μήι1ωι,4,4.ςο7,8644.7
ptnnu›874‚6 96661166 566. 57656. 65610 9618666861669, 4- 11841·
8616161166 587, 5 'parentem 46, 6. 697, 656, 3
9161011666 615, 6 parentem ἰ pareo 5¹3›⁶.·⁸²50 961666, J nl. 6966
96666616849,5 7 patim ,85
17961δοί6661 168, 5 .966661166165,6.186,5.456, 96ιί166 814, 5
Pantilius 6169 ’ 9. 577, 5, 9 96616515, 9
9191619055 9666617666679,5.481,6 9616116116 4465
Ρ69816115,6 parenzis 569. 1969676, 9166661,9ιιιὶε”56.665,ς
8610166616 s· 5661· vm · 1116611166
566 585, ιο. 669,7.719,ι4ο 9116611616 555,5 , , 96666666666491,6

7561 ,- 9661666161, 5. 6596. 96616656 564. 48616

par 618795, 16 ’ 6869 9616666661 wan
961 impu⁶61,4 916666669661 9166116665, 6. 59767

916 nobile fratrum 6669 9666668569 pam wm- 21665· 8686

9616666159, 7. 5567 9666166 564,9 5466 7. 54668761
9616661666 568, 9 96166, ιιι. 541, 5 pam· 576, 15
9666664566, 15. 81611 9666169616, 6156616657, 96664746. 5166. 744,
966166 969, ιο 8. bis 664, 4 816, 16 14
996156 675, 1 9669169666769,16741,ι 966616 6556. 517... 761,
phuam„ ,96617566 7. 7 4,15. 8665841,
96666 115,6. 679, 7. 774, 8 9667655611. 647, ι 7. 868,5 4
9166666 5669 paribus 66876661 8867 9118661565. um. 667,
96166668468 Ριιὶᾰίι 654, ι. 77611 6. 565. 7. 4666. 476,
96668166 5568 96666666. 5464639481 1. 97, 9. 86919965,
9661616466. 8667 81916 16. 9166
¹ paret ⁶4!› 1. ·737,7 Pario 864 91666168. 554, 6. m
966166 45616. Parios 820,11 9. 661, 5. 654, 16. 1,
9666676668. 84616 Ριιῑι756,5 8. 77614. 8669. 15
paratis 161, 1. 6551 9666666569. 776, ι. 815, 5. 8565
9666666464. 761, 16 5, 8564. 9667 96666666784611
9666664161. 4967 Ρ6666611816746,7 · 9666οό566. 71616
1666666664 61116111 1166 6616· 6166. 33¹2ss 1
p'arca313,8. 68616 9166165666. 717,ι 9ι666115ο8,15.795,5.811, 7
Parta 219.1 911166 543, 5 9
Parcae 571, 7.474.4.498,8 1616166666794, 6 panum 746, 6. 7495. 847,
9116616 695, 6. 669, 15 parricidae 353,ss 9 854, ιι
916661166. 178,5. 656 91666664. 56013· ³7⁶· 916166619666666611676516
6. 7. 6868. 566, 6. ιο. 5861. 46413· 500, 916666611ἰΙ669ῖ66781,7
48821 , 1116666775564166111666.6611.6·166
96666 555, 7.· 877,1 966671666661117031673166 6654416. 8964
9166666696 5,7 961611661716664617· ⁸752z psat 793, t. 19668666
pauentes 561, ιο 1161616166 764. 1 pascendi 578, ι
parcentis 601, 5 {ona pars 511‚'4 9686666 349,12·642‚4bb
9166616 516, 2. 554, 15. 789, 9666658,11.65617·68016· 6 ’
6 ’ 6.-17,8.655.1ο.1ςς,.7. 9666679966. 8694
parcet 547, 15. 761, ι 561, 8. 558, .⁷'.⁵9⁴¹ 7 9116668165
9166185, 9 ’9666666666ιαί 11766 beatum 96866867,9
1161616661, 6 6168 r 916666 967,6
966666 v. 35²3 partem 5, 7. 10324222011· pascitur 551, 2· 7497
96166646, 11. 6666 , 454, 4. 6563. 76767· 9676666964
parcite 3094 756, 5 9166166468, 14
9616666961. 555, 5. 656, partes 11, 9. 511, 10· 810‚. 9666665611. -577,ι
4. 7654 - 5. 8466888, 16896, 9666961666
’ ἷῖἱὲἰιςιῗέἓα. 669, ιο. 649, Pst‘hi 1966, 69 6141 11 ζιῖὶσξξιιθις

6. mo„ 1691 16611661641466144, ,ὼ 6454. 146461

⁸ 6

 

