Vocanutonuu'omwn.

Ιυὺίμ 17, 111 m, ῑ 746,6. 84117 1. 8566
751, 5. 65614 16111616 641, 1 1111111111 utut
16116111 676, 6 tortello· 791, 11 11161111 576, 7
conviviumst, 1 comptu· 664, 7 11111961, 16
βω 674, 1 1111171911, 7 , audibile 596,7
nepem 619, 7 16111711196,6 1116ἰ611ἰ11198, 5. 774, 7
1176177,1.111,1.561.14; (6111761195 1116661161 81417 . ·
516, 14. 617, 1. 781, 1, corruget 756,9 1116161611166,4
78 ,7. 797, 1. 117,1,1611161,116597,1 6161111766. 748, 6
16 ⁰⁰‘WP‘25212 47719· 64716 ·
6646167541 1611171ιὶ11 56ζ1 ¹ 1116ἰ1718,1.777,17.757 Α
1641611417, 17 (6111716116 7688 ¹! 788, 7. 818, 1· 3⁶⁶st
1671111561 1611674111,614,7 1116118671. 899,1
1676118844 §onuptmjudex 611,4 cudite 171, 1, 868, 78746
aequitum “ 1611111196, 17. md. 1116ῑ111644,4
«9111117166 16167111 1864 ¹ ,6161761671 9. 846, 67 “
1681661616 ⁹ 6113311116, 1611111111, 1,, ·
11671711 mm 1161 4· 14611
161611 7716 1611179611 · 1111111148,1.765,1.487,7
Corinthi 19, 1 1611661181 ,6611161869 ·
06611161ωῷ65 ’ 1611667461. 685,ss 1116111114,1
Ε61161116184 , 1 ‚conus 867, 9 ,11161116 781, 7
cotio 669, 12 x 1067616111 168, 7 1111111111 494, 11
11161614, ς. ⁷9⁶2· 0611116 6767 Ω1ω6111449,6
comibus 7664 numum crepante 485‚4 ,
16111ᾱὶ1415, 1 111711761. 64117661,
wnfedayffig . , 6191618947 “
ἑᾜὲἷέἔὲὶιὶ· 32⁴3} , ἔὶζίἓὲ’.ἱέἷ’,“
4111114161· 1161· 6161161661
741, 11. 74611564, 3· 1661899, 16 1116161666, 7
617,14 ‚ Cotisonifflm 1116116116 711, 7, 796, 8,
,1166116111111116111 0111664161 - 611111 -
111161 717, 6. 749, 4· 776, eranam 11161411 84161 .
¹2 41116· 4661 0661111114 ’ 111111 141111. am·
6111161161· . 11641111 , 61116416 -111111
mim 499,1. 894, 11161Μ161111611,5 m
16 - , camna · 1116661711,11.779,7
mmm 141· ¹0 16661116 6116111611· 1666
161611, 161111, 817, ιο.0118“1,71171.167,4 , 11111476, 46
906, 1 ⁴ 11161 7ἓ11647, 6 creti 661,1
16161116 74, 6. 161, 7. 616, 616161676161111917,7 0111111 4647
5. 661,9 mama 0111167481
«1661111111, 77116 1111111717, ς. 666, 7 6111111116 rom
6616616716111 0116166671,7 6111114117, 841, 14
6616611 177, 1. 715, 6664. 11161161 474, 19 1111817861 ,6, 781, 1671, 7,
6 0116668161 1611161776, 5. 815,8
mmm ¹⁷50» 01111111 544,1 erimine 665, 1. 894, 16
„aaa Ι814,6 1111116779, 17 ariminium 187,1
6611664675 , 11116111 77611 11Ξ111ῐ1166167,1 Ι
6619611 447,7 1116111971 Ι trine 114,1. um
1117616 141, ’s 176, 8159, 111616 715, 1 crinem 766, ’4 ,
Ι. 78611. 511,1. 577, 11161111,489,17,769, 1 11161165, 1. 171, 4164,
ιο· 161111· 146 1116116666111· 614· 61661· 116 6· 4111
7661. 76611 · 111111661616861 1,· 44116
66161161 1111116111· 111, 11 16766114· 1· 1664
1617611661 17ο,7 1116111161 761,6 ,1)11111111111111174,1

6661166116141664111611· 1161· 111. 6166111166· 11114 ·

1 . 171617 64116· 6411 ,67513171 17116
1111111111..1111111111...111111
614. ι· 1111611111·1111141771711611161· 11161141

· 3

 

