1

166666464646 0664874718.

Ι. 575, 76 6455. 686, 6466466558. 6858. 657, 1⁶3131'7to,3

6.768, 7 86444856, 6..678,6 5656, 474, 6644665515 46, 6, 6,8.

57666 576 64 64 4757 666,8, 6555 ,
nmen· 554 7. 9455 6666166161686695, 6 6614466676, 567, 5
3172555475ἒὲ6, 3 868876, Ι5 6666666686, 6. 656, 4557, mxwgcitqoffiz
ιω6648466546664 448 x, ⁵ 6676416768611746457,4 661666616647ῃ
6616464855, 46 4664664686 8614664454. 5654, 766.
444111·,,,,,,444774·77 *motum 7

547, 45. 556, 66. 5658 moto 5687 661464 ’516,5, 4555, 565,.6
amieo 11646616 ⁶33, 6646464, , prere, 8554 5487 6. 546,7. 656,5
66614666467, 46. 5556. 6664144656 6616,44,151,,.8 755

5758, 8,585 Amphion 666778167416666· 661641, ,Ca-g 6 3. 3, 665, 2.
ι1111411444, 474,4 414, 1111144444, 4471 1·1,4, 41711464 ’

445854. 556,.6 555, 66761666ω81166841845η 661614665878755

66, 557, ⁶. 6’666,4, 6756, 1167616616146,64 6614646465, 6. 75655776,

66 774,66667146,6546,,9 87588 85657
6466166648 756, 5 66714646 657 6. 668,5 66166467, 5. 664, 46 575,

6661616466 665, 6467664646 5564 4555, 6. .5,57 5,,7465·
66646166 466 6465146746 456, 5 · 7⁶7,1

ιω146166865,5 ,6667177554 6616648866,55 ,.8554,
6644666 617411 7655 6671676557 66 588,6.,8 ι, 888,
mmm, 16,451 5778667685, 88671ιᾶ1878,7 15. qm· 5478, ς j
5. 686, 6 558, 6 6671861664 5656 6616616686, 6, 5655
am· 84666666 ,4. 6654465, 6864711744, 66 66164616· 856, 8 854· 86
⁶· 556, 67. 58,.7 574, 6647116844Μο 6615666756. 8656, 654,
66 555, ⁹,3·⁶3‚3· ,766, 6667116576, ιο ·. 4455, ,.6 655. 7, 555,
7, 7144144· ·4·71·4,·444 4471411, 441 16611, ¹0· ⁵³0·
66166666666756466, 64. 5657, 6,564 6. 86556, 647.
74171414, 4, 444, 44714· 744 41 4ῙῙ7 7444, 774,

·⁶·⁶³ 17517· 11· 7711117418· 3· 748, 8. ⁶3, 76
757, 566 ,4. 48,·66761168446745,4ο 6666664666 847 66

m3. 8674 6676666456,7 ⁴ 6616664655. .6,.475 578,
11666 6,4 Amynta· 766 n ‚ 6654655465. .564,
66816647,664 66678116 657, 67ιι,9.766,. 747,
66418645548 · Α44664666466,6 6. 884 64
6618185755 6666666647 6,6 4416466566 7755

nnnc 587 6 mmmm. 6855 661666666166865184465666

:mnu-⁶ 556, 47
6666666655 Anchisen 6617666 est ,,784
uni 64756. 8657, 6661116766746645 661666666666566666166473.
manno, 66 6655. 76,6661116 565 66. 88545 Α111471814578 58,8
5665, 5. ..75566 ,878,6 anun· 766, 5 4114 17441686 ,7
4Μ,741 7 66441 ’1168 ⁶37, ⁶ 666611· 6764, 5

6666647887 v 66556 68 7757 111111···8111’1·.1184111
»mna 666,7, 658, 6. Α64166766166554,5 6661,6·671··665,.67 3⁸

amotum , matius& 6176168615ζὲ5 ωὲω
6646667 6,4 665176557856,66.886,Α661661664 dirum 134, 6.
maon 768 874,7 9

6648464446 11666755 6656686, 3 86816 566,6

ω447·47114 6846646144 ’ .1411·441,4 svm-⁷6¹.
6656 . 4655, 3⁶8,3 6656666656. 656, 4 76 856, 661667

16 566 4 78586

5657. 76,..8466666561,6.66566 664666ο,7.8,4716,5547,5 , .

4556. 4 ,9- 5155645616666557 . 5566. 6.57,5 ⁶2⁶,10.
⁶²⁷⁸7· 556, 64 66561646, 856, 5 ⁶
aarum 454, 6. 467, 6656166 67556558 788, 666466 6641666666 61114 ⁶⁶

2⁶2. 4683166176, 666456, 12. ⁶⁶:8⁶⁸ 766 4 numam, ⁶

7³⁶⁶ 901147 6654866645, 4. 766, 7 6666466566,6’

1011111176·3·671486. 66566148768 586,6 6674644685. 886,5. 554,
5111· 74471741· 1761141144 - 44174 4¹4· 10· 474,
91677 6616118666,6 4..647,45 85555755, .

’144 ,

 

