⁶ 866166661611 06161611.
1115611116ζὶ “’ 16916’456,4.“ 961,1 loquentem 96, 4. 755, 66
1656668866 16664169 46866 768, 1191166166 59194 ’
1119661166 66815 9.· 85895. 876,4 16466661546,7
169661691116 16665668994 loqueris 166, 9. 881, 55 ’
1766166 6661 'Q 1441616611 11161166. 5· 47 2⁴· 661.
1119616 195, 5 1666116 5964 Δ. 166 766, 5. 656,6 1
’1196115987 , Ι 1666166 76, 6. 656,Ι 7765, loqui 61696661 857,5
116616984696. 48551 Ι6. ,7η .. ‚ loquiororotuqdoqom
1111611111. 8 · locum 11816116. 161111 1011161168. 6
1611668199 9. 861, 5. 8895 loquitur 608‚1'
1166116856, 12 16667166 22'7, 6. 647,8. 684, loquo, 398, 9. 8665 5
[1961665695 , 11. 755,4. 75558 1611671916
1151715696 locuplete 70¹›15 X 1611616114,1ο
17916 565, 61 · 58491 Ιο6671616111761,5. 846, 9 16116 799, 1ο
{ippum 746, 7 . 166691611666766, 66 16661496, 8
1199116 599, 6.5 9, 7. 7²7ss 1666916661514, 11 Ι 16166 641, 16
4616616474 6111 ’66116666661616 1114166161 ,
1191166494 67, . 5959. 596, 6.· 1661166686,6. 47194 ,
1146616116568,6 - 67, 6 751, 4. 69, 7. 8666661468, 14. 6598
111111. ..169 ”m

8

1961111616 94,9 ¹ 16661669519 · 166616661616
1146181,566,11.’ 78955 16666614596157598765, Lucanum& ⁷¹4¹ s
11961616 69,Ι6. 5651Λ 65 Ι 1666467,5.69’5,5“.9ο4,·5’ 1
11961686159,1.695,6 111651616556,14 . 166166111919. 867,6
6961161781,6.’ 8697· lolium 761,6 .' 1666111687, 5. 989, 5. 1695
1961666154,8 16111461,6.755,1.86991 166661666885,4.516,6
19666 654, 7 16611186 866, 16 mariun 568, 6
1196666611 118, 5 1616461664. 178, ’1. rw. 16661116661666861411166
161111196Μ 617, 66. 6794. 4ο6,6. 1116611166 518,6
1611161196 569, so. 568, 15. 5595. lammam« '
116 8791 , , 671,16.766,6,“7. 89416 16666616 666, 958646. 6199
166,.666.76ς1.1666666 ιο ww
16161 5 5 9. 64 ,9 y 1665666994 ,6469515 1116561581
8161656166886178868· 8898088911* ’8118814166

995 16691647, 7. 98911 166616 15, 6. 94116

⁷02⁸· 1169 16711791· 56. 12· 666 mimum

7 6
161666
impolitum ,4,576,7.579,6; 166116619661 6996 ’
66161115 ,6 ’ 596, 6. 68956. 7184 166166666687653
1166·16111ῗς6,7 long: som ¹ 1666111599, 51 616. 66666
1166116667. 5., 656, 7. 4849 1664164616 76896 616, 91 6696
6. 468,11 1116416666, 8. 9ο1,7’ Lucinae 545, 6. 549, 8. 6664
11666616, 4. 169, §a 585, 16646 16, 8. 446, 11.4 58, 1. 9. 6695. 615, 6. 618, 66
ο14. 466,18.65“6,7 664691, 1. 77458111661664445. 497?¹
1666616166 5198 . 68, 6. 9691 · 1661966611. 66,6. ς,4
1166616 8665 11 1665666969, 6 1661976111... 868,11
11166 167, 1. 188, 4. 515, 2. 166466 94811. mma 16666 668, 6
Ι49999 · 1665616176,7.658,1.549,16616668996Ι
“ ’ 4. 568, 1. 7495 5. 965, 5 16616666956,5
· 1665169198 homnem 71,9
1615666598. 697,14 16611416, 9. 781,6
1665661968887 5 Lucum 495, 6. 674, 5
1696666567, 5 ’ 8661666195
*loquaces 565, 66 594,- 5 ’ lucro 166, 1. 5655 6648, j
, 1696661696,14 · 16616699661 997
161616 4811,5 1696661161796,4 166666151ο,8.468, 991695
1616616916 , 1696661618119, 5. 851,4 1666661891,7
1616166 5 56, 7. 858, 4· 164661· 941, 6. 9711, 9. 596, 5 1611666661 6995
166 89, 5. 8657 7851, 16. 1696661861, 19. 895519 1686111616 5,6
8994 1941665591 , Ιι1611111116866,9
66666158151 loqu-ndu 86,ς locuntur ma..
ou· hm 1115616111 678, 7· 1661616 986,4
navit 76919 1696666 5966 16186116 484, 4

m

 

