8977575977775 07555559

77789 588, ιο patre 65, 79. 574, 9. 565, 6. 97771859 748, 6. 496, 8. 499,
7818176158 57555. 574, 7· 57599 4· 557, 11· 8995- 6975
1189149856· 5574. 6. 7· 575, 4519· 5· 75458· 8775879558 ’
pstilla 579, 7. 557, 6 764, 9 Paulus 574, 2
9767567,4, 55547 . patrem 3²¹² 9779976795
»8777975948 , 97955777, 7585, 5. 5865. pavonem 578,6 “
78878894594 8498· 8495 7715117575 5· 818571
ustum 558, 6. 777,6 9577775746, 9. 5795. 584,7. 975977 457,“4. 798,7
Patareus 294, 8 4035 76. 7 58,9 977977 757, 7. 767, 7. 569,
‚atat 676, 5 9777777776, 5. 383, 5. 500, 8· 575, 57. 657, 9684,
>atefetit418,3 4. 699, 7.,654, 5. 744, 3. mn· 789,4, 857,
9777857487 75. 99756 · 7. 8897
88888579. 88886688 223¹? ξέἓξῖἔὲῗὲ.ἶ“5ἶ’,5,,,,,.5,5
9777567797 > 9777777774,4.697,9 pauperem 226, 2. 7797
9777784. 75, 59. 79, 5. 9877ῐ777955ῐ647, 5. 658, 77 9799996856

555 7· 78 7· 94· 5· 7515 17794. ⁶· 65759 5177759198. 8· vm

9 198, 7· 558. ¹· ³482 7181191549, 5· 885. 1·914.7 7187598115 718, 18

¹· 140» 15· 554. 9· 557, 78718558, 8· 574, 11· 559 7151741591 5, 5· 78· ²· 175,

2· 7885 9· 45911· 4955 5· 577· 5· ⁶03· 7· 848, 1· 7575 17497, 15· fl3132

7579955495751· 799758 8-857.7·885.6·71.8·

541, 10- 54811· 5495 Qmssms 774312

457· 555, 5· 5797· 5755 7911111 61 7187159575, 7· 777, 5·

77. 587, 7. 674, 8. 655, 9777995 76757 677, 5. 759, 7, 869, 75

19757. 4· 769. 5· 8978 7759197849 momorum 517. 9
puter Aodeomedoe354,9 patruaezo9,5 97997575 597, 5. 468,6
patu eaenae714‚2 97777577 579, 7. 585, 3· 475, pauperrimus 577, 9
merdosum„ · ’ ⁶· 477194975117995 mpetu· 54, 2· 85959
pater 77 7777999797 digni 4 9779997777 759, 6. 897,7 ·

875, 7 patruum 675, 8 977797787ῐί7 877, 4
patera 82, 7. 758, 2. 579,5 94777777 587, 7. 647, 3 9777977997 77, 7755, 5. 3 54,
9777755945 9717777 676, 8. 756,5 6. 497,9 “
pateris 545747 38 5, 8 9779177797 854, 87 pausae· 777, 77
tvaterisy98,7 97777177 8657 pu501‚9. 664, 7.
vatem 459, 9. 89 , 4 9779167 6757 peccantis 798, 7. 675, 7
‚aterni vote 994, 8 patulam 883,7 9777777 785, 6. 555, 8. 799,
‚aterni 84, 3. 55 ,5. ⁸392ss pauca 597, 5. 759, 7. 548, 55. 879, 9. 899, 6
³²1⁶r1¹³³49¹›²· 575 5· 797, 1· 5775 2» 7· 7991· 877, m 11194 711, 2

¹3 · ,5 97797797, 6. 777, 5, 855,
77777779 774, 5. 8547 9797ῐ9557,5. 565,4. 575 4. 99779
5797995758, 7 57. 679, 54 649, 55. 747 peccata 558, 77. 875, 5. 895,
‚aternum 755, 8. 785, 2. 4. 23, 59 74

798, 54 - 97577ἶ97,5 peceati 708, 5
’aternus 378. 9. 579,7 paucorum 577, 5. 595, 9 peccatis 5³7·²· 545, 7, 8065
5957779977. 6755 97579798, 74 79
1188 s, ς· 47. 7. 745, 7. 957, paveat 584, 77 , peecatum 557, 77. 677, 2

7499857977· 895.771571919177,7·578.5 vetaturum
ιο ’ 9777777775 420,1 peccavero 543,7

96777597. 799, 6. 497, 7577574796 9775978785
,6888ἶῖ ζὶῗξ. as, 531332252232 &51:55335233515. ,,5,
7. 794,’4.688,·5. 8995 9758677996 75, 7795
aientem 765, 4. 777, 12 pavidum 599, 6. 495, 77 pecore 478, 95 ⁶35r²
atienter 894, 5· 8964 pavidus 5, 7 pecori 303, 5. 477, 7, 86, 9
7767978796,5.·895,4 pavimentum 209‚3 ν 9459764988, 77. 790ss
777757ῑί7 765, 6 99677994 976875 64, 7
atimu119‚11 ⁷ 9771769857, 56. 867,5 87664675
atim 778, 1 Pauli 363, 5 9768ιηί665 675, 7
7787776556 “ 97778555, 5. 5596. 597,4. 9767977 579, 5. 576, 75,
nilum 537977 7899371209] 663587 804, 87 8³⁶1 97 44584’ 47388· 63774
7579777948 ’ 8995 9767977595, 777, 59. 577,
atinum 97916917585958 79, 575,7. 575, 79. 87,
76977777 767, 5, 85579 Panium 57. 7 7. 7798. 747, 7· 746, 6,

275

 

