1111151101 0111111.

bisam 6111 , ,· 511110. m · 11111511, 5. 1555
thuna Gen. 56914.Ι 78156 1101116119 ’1111111 5515. 43θὲ ,5454
that: Plural. 397, Mum 01116101 514, 5 . 1111110111 555, 5
(1118811184οη - Ι (1116111111 876, 11 ‘civihm130,1,269,8, 432 ,
1111161401,6.”547,514.555, ’1110665551 ¹ ι ⁴ ¹ Ι f

1. 5551185151 845, 0110111181,5. 41551 481, 01186156, {a 415, 55,
1111110 “ „sa 1111 1151011111,
1111011, v. 011111 0110011485 (110161151515 ,
[3615661046 01151561,4 111111111165551 Ὶ
Charybdim 88”5,6 cingentem 541,5 1111110111116441 ,
Ὸ110111111851, 8150516 0111601101516,91 0116115051, 0
(16115641 , , 0111114554 demat 505,1. 8555
(8111141555 51551111 53714 6100116566. 857,5
(11111 645, 10 8110011415, i 11111111 5²927· 655, 55, 7955
mmmm& , ¹ (2111116751 . 15. ’5155 ,
111101011110,9. 5658 (11104855 , 1110165155, 155, 5ο
Chio 6054 01100155, , 1111000115 5. ²⁸74 tm
ΰ11101161ι11111 ε11011111 ’ 1119810· ,
0111115111 705, 1, 5115 01101101 5641 6110010556,5.506,5.8555 ⁴
(1111011510, 1514, 105115 01100654,5 ’ ,, 16 , .
11101101 5554. 516.6·681,1 1111001110 1051, 155, 5
chlmydem 80 , 11 1110011151 551, 16 111111 1001011505, 7
ὲ111111156017 ,1 1110111111516,5,16 clarabit ²⁵4
061105111551,1 0110151111455, 7 claram 1 ,· 1 ,

11111151, 1· 189, 51, 1505 0110161161781 ἓ 11818995. 4- 800, 7. Hs·
0616111361ῗ56115,1.3411 ἵτξιᾜοοιξιξιυῖἳξ 31ᾁο ¹ {13032’52302’8792 ⁴8¹4' t
..1. . . 0111111111 w 111· m,

2 5. ,

01106131688 0110011115111484.8 ‘¹¹¹⁴“39523 ,

chorda qum. 15 01011110111010 1881 . 0111114586. 555, 5. 856, k
01101111 5585. 55151 circumvola 11, 5. 618,6 6001118544 ·
11101111 55,5 - 011111611611544,5 0111015555 ὓ
1601823511. 58851 0111111807, 15 Ι, 6116015755.558,1.585,“
01101166 0111141,4.115,5.506,5 7

01101111 6, 516054. 861,1 citam 55057 ⁵ , 4 0111111 564. 554, 5. 501,
06110160,1,417,1 0111111644. 544. 111, 1. 485. 65555764,
thome, s· 1111· 11111 1· 1111· 15111 111111ΙῚ .
tbqu· 505, 5, 841. 6. 861, 0111111155,5;151,6. 1555 elane 141, 4. 1765 5. 151,
,5. 8561. 858,1 ⁴ 1.5011·,6.648511.558, 10. 51156
thwetum· 880,5 5. 740,8 classem ⁶⁵52*
0115101605, 5 citharas 648, 1‘3 · 0111111855, 11

αηιῐρρὶ 641, 15 citharedus 50114 11111100 451, 1

01111111 11111 1111111111· 111. 1· 11111 06111164,
0111565501 541, 11. 665,1 685, 5. 8551 0110110151455
daiam, 11 0118 501,6 0111101845 ¹
0160445,5 06110165185 01101111454,16 7
titotia 1785 01111514, 5. 60458 0111161111665 616085561ςρ
1111111454, .608,716551011111564,4 ¹ 11

(18111651μ4 1111111488,1 A Claudifim 18554
(86511001755η citus 140, 5. 184, 5. 611, 6. Claudi 01111. 550,1
010111101111154, 5 = 854,14 claudas 581,11
cicatrix 564, 5 610111 684151 mg 011061141151 HM
cicere 65453 cives 11, 1. 575,7. 575, 11. claudo 1111111. 14955
0100111555,1.500,10854,5 515, 56115155 0111111118οΜ .
110111 565, 5 0111 111,5 01111651, 5.ν 81155
(1000115651 , · 111111180651 ' 11111601 05,1
·01011011111ο,5 0111017445 111101151, 6. 55555
0100111,618,1 1111010555, 16 clausa 541, 4

tituta 618,4 . <meum 146, 1 . 0111161165, 10
0100111855,11 . 0111101855 1111161 411,6 ,,
0111115151. 645, 1 civilia 55 5,4 0110111158, 6. 587,6. 8545
6101104141.1111655,5 611181145555. 516,1 5

 

*nd-q.. ,.1

