Ι111 6167741161 9996
6116117144 516, 5 76ο,8

1111176767 546,1. 8594 11761117177475,16
1111111875, 5 1171161651
6111161584, 11 8116615894·
477144.» 3 7117447 ,4
4711111141189916
1111661141, 11
911111111655,1 ¹ '
8111711599. 419, 1
1111611576, 6,5
11,716411175 ,
1114116784. 115581 1166117151. 56,4. 66.
7676777644.6.8 6479 71· 774. 77 4777. 464..

, 7767. 767.6 7764· 471. 77
866,1 nobilium 3035 4. 4191.

nimina, 6 1859 1. 558, 6. (zm

1766 411748

¹· 464 4
166 11161 89 5

1766117 197 ..6619 884, 5

’ 7761776747 6441
7167676717 1· .17641· 474.

147716.. 7171471766· 7171. 6171

1161184,.5811,,8

1161111511,ς. 577,11
77671779· ,81784748
11611919ρι.’ 55 55.

16111 517,5 51816η 8.

ιε96ο, 11
novem 577,15’

,.,.,,,,, ,1
1161.11118,ν 11616678

7677777777 4. 6874 7419
1661 4668. '³¹:38⁹ ⁴²². ⁶
519661 514 8166916 818,
67677. 7 69··1.Ι 691717

61517 7,51 5 891,5 16611464, 16517919 551, 968,5
7777777777.7..66ο.697. 7644 47774444. 7776161716

1696717 ,1
1171171188, 53 196, ιο. 1667117717 556,
155,16.188,.8 5816 1616111651518
6671. 74917664· 677677767τῖ6
8964 66116171811
11176115 86, 5
Niphaten 186, 8
11167471, 11 ’ nocentem 167,
1117777,·5145 · 1766795868
111145, 3. 61,.6 455,1. .156, 1611747111 4656
6781717 4714 4171 7777774477

456, 16. 519515 5511. nocerem!

54171· ·590168 11677· 6666740116
66597546. 91411 maturamus&

176 quod 548, 16. 5895· 166111849547, 11. 55
77177476.4 777714· 74 6 ⁶40.
nitantur 418, 11
1116111668
nitent 5198. 96916
1171111161,1.175,1.611,6 5 749,7.

nitentia 754, 5
nitere 786, 1

nocendi 8991
1161611486, 9

866, 16

, 5³²· 4· 6799 6*
211961... 131.1.“.’,1ξ’,1ΐ.”””
11474914 685, 9. 7794 16671191996
171961 cothurno 997,4 1661,1958 1
1166411657, 7 1661111677, 6
1164197789, 5
1171611196, 7 795, 9 166611144916
1117166555,.4495,5 766, 9 1166171171 761, 15

111146,.777114 511, 4.747,9 1167716519, 4. 5899
1111111618,11

1111115695
17167 86 5. 5695
1171111196, 5
11,411617695 1
1171111551, 1. 748,’5
111111671778,1 ·
11741.1146,16
,11765915465545,1.116166,17175 ·
169,4. 517,6. 6598. 1166666491
68511

876,1ο

18111ἷέ11· ’1117

nodum 195, 8. 518,1

7717777876714481·

7776776776 711. 6
1967161111176866,1 ο

§mama 655791

816ξέ615161515817 7158.
7697

1697

66111161 556 16,5
.756,11. 877, 8771

’11611119166161111616186

¹ 51818

mintium&
7777677771.1.471..74767
¹²· 5⁸4²· 596ιῦ1886
1..784,16 7988

76664759167751617111661611111859ηι

1166141146, 5. .489, 11. 549, 11111111 1895. 189, 7. ,58185
5 56611. 6645614, 16,548,7

''33‘' ,3913181831

747714776774 ssu·

- 4·174.7. 4167771777

1116011111 1841. 8999
1611116 156, 5
1611111961719 679, 1

16111711 νεή1161111111856,1 1911117117 175 1. 17ᾖί

1711 1171161511, 7
m tus 7111611117711171 175, 8
Μ 1757 5

...67116161,9.759,1119, 1611151677. 9196

meran hiantum: 8599

nazaraenum ⁸⁶¹›70 7777611766·1676 ’h‘ 47897 ¹1

16199661851,4

,7967777451 11. 541,1 mestnt 786, 1

mnf-dommum
1761117111,6

17646151, 5. 566,4.755,1 16156966116895η

m 111 nn! 1518, 8
1161 1691 mas 151, 6
1166 mettium 1

77777747.. 7. 44 6·.74 717. 7717· 7777776477 66979 777 amum sm

 

