² 7777777

671777 99 4. 977,4. 877,7 67786877778,7. 7899776,

,7777 7,, ··

669676· 77 ²· 1767· 6777773· ··777·7 67777·
6767776, 9., 994, 77 999, 6768778873. 677,9, 877,8 6777777956, 9
toffmwtuvowz 6616076007 578761739717] mmM'ffflss ·76· ¹
7 7677 64767· 778766 7, 6··.···6··77·6 7777
,. (niumm 6 77,.,,,7798997779 6,7777777776ο8
solem 7899 998,9. 679, 3:243& w} 767,9. 78898 6
777778864377769787 6177768677· 76777 7 01670· 73068 7 ἓξ
67797767799, 77 676777747777767777667976,9 77
67697777 477 7 6767777777 987, 9 677776 77777778 877, 74

6769779774, 777,9,879,676777764,6 997,8 67777779997.6 9797
¹1 . 671,777777976 67777776

soleo 776 79 6767774974497, 7. 69955 6777697777, 6
6767779997 979, 9 somni63332 677766ειὶὸξῃη
Πομ 96,8’777989,8 6777767 9. 899, 9. .87ο, [minem

67697, mh, 699, 6 9. 87777 6776777777. 887,9
,6717798 5. 647,8 6777767969,9 sommum
6767774946. 487, 7 876,6 {omnium 948, 77 67778777 747, 7

’ 676787 797 9 677777 799 7,,.6744 698, 67776777 9, ·4,74
6766879 ..7 677,4 77. 777,,8 867,6 8767679794

’ 676ἰά776676 67777777 97 9. 776,7. 499, 8767777777 874,9

7777977 6.··77·7777·7· ··776·7 6767777677, 7767
6766997767. 8676· 997· 97, 773, 3 sospitem, 3. 97747

[olimst ¹²· 0·039 37490· 7·⁶3¹· ·9046 ί0666666308 ²
676676 559, 6 679, 9. 667,9 somnus 747 67797, 77. 966, 64877774749
676676797,9 77. 897 6477977869,

, 4074447444, 13. 786,9 677777747747777777 7896 647797 9777 697,ς

2. 9469. 84,227 somnum192‚2241,7125sospiti-,⁸28 7

6717777977,9977,79,697,9 777777 974, 6777997744 4
67Ιί777876.9 6777774774 mentm 3
¹ 6486767797,7 6777779467, 94 487 7 6477977977, 10. m,
67668777879, 698,79 6777779777 777,7 7647. 477977 7796
sollicitum 9948 998, 7 spargier 476, 4
sollicita, 7777. 7οο,9 sonari 497, 77 · Ι6477997696, 4
67616967777776, 479,4 67777997, 7 · 6477967978, 7
sollicitat 747, 7. 677,9 6777777777 948,7 647 776 721,5·
676Ιὶ76767 969, 9. 797, 4 6779777 ⁶051 64776667 799,7
67616ιὶ778978 fonttum153.4 , 64776777 974,7, ‘m
676796778677 779, 6 sonitu: 9, 77 8477779777 976, 7
67667777787797 767 6777 7799 977,7 8477774879
6718767787766777 479 9 6777777777, 97 974,9. 849, spatiari 988, 7
· 676116767777678. 977,7,777, 9, 867 ,74896,“7. 9797 64776777 Η94,4
67777489, 9 ⁴ 647766776,8.9 789,6
6718676777 99946. 987,7. 874677677849,9 647777 989 77
644, 3 6747794, 9 647777 hren 47, 4
6767 ,67678 976, 79 674777 448 77 64776777 777, 74
6767, 786766. 98,.. 647,77 674776697,4 ’ 647677, 9. 799,6. 499316,
67179777· 7776 6776677677 8·7.·877,7 79.
671666 767 778, 7 67787 747, 8 specie 877,4
6767794977 6778777776,8 , 6477777668εά4ἱωιεῑ999
77777477 · 67767777· 77· 77664 [pedaneum 7744
67677777479, 7 6778967977879,9 6477677767877767 defit&
48444887. 667,496,6· 67877877, ο,7 77
6767157778 677 7 6788817ἒέ18 63οὼ ⁶⁹¹⁷ ίρΐκξέξ, 3:573.- tm,
[01:32 ¹⁰⁴282'328211 469, 6778687· 747,7 64776767 949, 77. 8699.
6786877797,.7 778,9 8899. 9012!

77ἶῖ7· 7777 676667 776. 7 6766767677 7

 

