11991191911119 0911199,

1811169766, 6, 858,ss 2 ¹ 6111996ὶ361,4
esti, 98151111. 64911 humum 887, 7 8199961999 749, ι
11969489, 1 649111 784, 9 611991497,9
99693646 1119111 8191 8111348194661971110 ·
194991161619611. 6491381μ ’ , 6111199111. 1968
1111998819 fugai> 31,7. 368, 4. 367,4 5119964191
evera· 1486. 9899 63119 6493 ’ Sirenum 737,9 ¹
93333111, 1111 11911811 1191911111
ν 1 · ,1 · 1 · 1
τπτὶε.νι’1·11,ι9’ 1111111111 ' 61911191· 7399
9991981419 · fileas69o,8 · 8119111191 389,7 1:
everum881,6 fistbo51,3. 49946 61917144
111111 1191· 16991419 11111189 516119 1181· ,4111 ⁴⁰·
9117467 6119119991, 3. 948, 3. 363, 333, 3. 641,1
’91191913194 8 6119 469, 19
19111999 · 6119119111 448, 7. 431, 3. 9199197439
{utilem 739, 3 · 468, 9 , Sithoniis 77, 1
191611 778, 9 Silenus 894, 19 6111919119 449, 6
ibi ¹5⁶& ²22& 505, 7, 6114911841,3 66991311, 11 .
39819. 319, 3. 319, 4. fiii: 334. 3 . 61191 1366 419, 7. 866, 6.
59443, φεύ, 54746, 81188, vide sylva filisttfamesflssmdssll,j
54916559195191. ⁶⁰¹‚5502 10- §742⁸ gfsszssm .
111Ζῗ’,ἱῖ“,,”7’”’”’” ⁶³²1¹¹=ff⁵⁰34¹sf5⁵⁵⁵‘* ⁶⁴‘' 93182181. .,,, ,. „m
3155111m495, 1 ι, 69119913984. 399, 3. 364, 61119, ἰ, 1991119864, v3
11α91611499,4 2· ⁶44st fitu82311796‚4
3144999464, 10 6191119613, 3 61111, plur. 854, 6
3149114449, ’4 691111 484, 9. 341, 7. 896, 6 8917199 776,4
6991191344, 4 fimitis 99,1. 444, 3. 397, 7. sobolem 479, 11
1191969 . 11916· 6199 8191 1010191091. 1199
349449149- 61911119191864,7 19111199 189,4. 648,4 . ·
19991 699, 3 6911119 699, 4 19111879, 3 -,
{cath 133,ss 3191614794. 8999984769. 880st ¹
19943411 8199991193,11 1991196118,7
ieci 386, 1 6197111193, 3. 333, 7. 639, socerorum 968, 3
mi218,1.875,3. 436,4. 4 631,9. 6787. 869, 7. 41994199 998, 1, 314, 49
. 1 11 11 ·
1966923419 9, 2 6111791116 et 999111 873, 1 19919116917 893, 6
11999619,9.663, 3. 894,9 6193111991 183, t soci-nd· 398,9
1199199697 . 61991191 144, 4. 416,8 19111397

5191191181- 24124 69111111 1161 81·11111·11311·841,9
1199199 38194. 69191999374,4 6911981394 .
{iculi 741913. 834, 9. 994, 6199191199 8 33. 3 1991991 448, 9
12 . 61991119 874, 10 69911116894 ·
1199111789, 1 6199199 798, 1 ’ Socratica 99144
51191999919194,9 6199191 8991 2 6991169191 114,3
19114671. 39819 697499 , 89911113999
34,,,,7,4, 14,7.“914,4,691114,4 1911191933. 1444 =
949, 8. 9893 9. 448, 1· fincerum 313, 19. 749, 9 1911911 49, 49 3¹7›4 ,
47722· 48715· 391,7 finevcrb.801‚6. 806‚·1 6961111691 146, 9. 494, 2,
3119799499. 99ο,19 69969119139 , 616,9. 764,ι4
19994191· 4196 4 6111115191· 1199696. 1111116119
3349131 436, 7 9. 799, 13. 83913. 889, 1911911991· 174, 3.
5199919774, 11 6999191938,4’ sodes 394, 6. 749,1. 7⁶¹,
11199331. 398, 9. 498, 13. 6111911119 57312 3· 798, 8. 911, 7
4⁶5, 9, 449, 12· 484, 993919933914 fol 280, 4. 319,1ο. 4864,
1 6911111 19,8 . 413, 19. 469, 6. 497, 4,
44963336 6911169131 389,1. saw '
141119 3919791199 894, 4 6916619119 46993. 644, 1914491991 796, 6. 1111111119,
191 19611196 9 ¹st
6Ξ99889,87. 9996763. 464169139819. 619, 3. 619,1919499,3. 379,9
11‚421‚3. 469, 4. 37, ’9.677,3. 699,11 solue-³756& '
7, ⁶7⁰» 2. 87414. 834, 699 918, 9, 653, 6 191161191799,19

 

