⁷ (3196917984

- (919971, 14

, 9919614194 9891

9119191 799, 4 tem 1191111644, 1
chum 449, 4 4171, 4 474, 1991611111789,7
191196 11794, 8
9199191111 744, 46

7’7111

¹²· 704· 4
(1149911119 4884

(19191111 4118 8 9919444

9119911411, 11 7681. 861, (911111 664684.
6 (9919917184

91111449 414 5

9111111919 7 41,

1619ιί 849, 19

9111011191 447,9, ,44ο,8

(11991991 474,4

01111494

9111191469, 4. 784,4

(11191784, 4

91199111 469, 9

91919419 6688 ¹

(19111741, 9

(1911141414 ,

(91119111 557, 3. 714,8
centn 11991914, 4

9911111441, 14. 7484
9911119111974, 5. 811,1
99111 11111111. 764, 11
(1411117481. “¹¹9-
(9111191 6987
(9119196681 ·
199(18ι4,4
(1111114984. 7189
11199911919796,1
(1499111640, 4. 84ς, 4
(1771991984
01111114, 4

, (1119191168. 19
091199 552 9

coa 7144
8088808576185 2

’ 9911191694 44814
'Coum 11
(2911914684
09191191 449, 4, 9

6(818 59716

11. 891, 6
(9911941464, 9

1· ⁶53 ¹¹
99691991,1698 11
(91914481 ·
(99118484
80968757, 1
,1119197484

(9911191678 9
(9919644, .718,6
0997191976, 5
099191441,9,4
(9111111174,’4’
(99117481 ’ 1949111411, 4
9941189811
(14919184

1941 7486. 8448
(9111111984 744,11 commatum

(9191114468, 41 844,7
(91111ἱ,1494 6. ,8984

,1991991 44911 5471611665 1

9911181961 4944

1· 88111116·
991119917,4

(9119111946. 144648,
9916991166466664
9911911991 448 ,,14

99111191 468615661384014 666666768115 0

9911911119 ,,71
(911191,8914
0665671ι
66919616648681
0919614199 ,4
0919111(’1466461,1.419,8

’ 9911911471. 6

(3611119111, 191160
0911194 447, 1, 8144
10191191 4988

toli 4781, 1.

19711111( 4499411814 1111119811

(91111449

6616659517 69114.’49, 1911419448 71918
9¹¹79⁴ 17181114834 1911191144, 19

8. 81414, 84819. 874, 3189990874, 4 ,6 ,

9969861411

(91111144, 6. .,444 5. 64491 808813074016775186616

1
(911 (6191794, 4
9911961141 447, 4
111144 4781
9984191846 19
9911191114 ¹⁶¹¹
991194411964,1

6616685515· 5101617511 mmmm

’66668 ⁸5··³¹¹⁰·5⁴¹¹¹¹·

(9116111119 449, 6

99111191 484, 4
(9114961914. 841,1

’19114944 4894.. 791, (94114999 498, 4 573, 19111411 7881

14 19. 779,4
091991 1991171971. 550,9 19411, 91999111411919, 4
1911119744, 11 1941111 ’,49 5. 8855
(9116116886 (9411911994 ’
9141119111 4864 9949111664, 4. 69814
191941,4174,.4 184, 7, (11411111 494 ιο

4 257¹?- 1684. 4181. cognatis 44,14

8911914448· 9484 19,·11191991884. 11

1491· 18111· 111 ι 1111111511 1· 641-
677, 5 (9491191684, 8

(91114116 77,19. 8888
8911191968 4

808116 73⁶¹⁶ 4

(9119 441, ,4148966418
(91199119,4ο4 19
9911911911 887,7

14891144· 14818111· 111

99117114 449, 7
9919111 496, 5

(91,.9111144 19,19.447,9911991911446·.1 649,4.(91999171,4

6 45611514164817661 648161 765156

5 791, 1 9949991199 864 3
1911191 9994919991 779, 4 9941191911( 8 44, 4
9111999418, r 9949111 117, 5
(91811919 6681 coheredum ⁶⁹¹¹¹
(9199111161, 4 (9191116876
1991117191 114, 8· (9111691191 446, 1

colonum 655st

99199991 41,4. 69611

Colophon 776 4 .
991,9147 4.1ς4,ι·48111·;

4191· 119. 94841·
18 8. 8941 ς,1

991919164,4.168,4

(9114794. 799 14.91,(911161111196,1, 4684. 9919111979,4.747,1117711

ιι- 111· 1·1ιι.1. 889. 61111

4, 994, ,6 9991699111,854,9

..¹¹8¹ss

 

