‘mm '

1111611111 ,’ 11111111. 1· 1466· 111. 1111110111· 66611.
1111111118 7,4 71 771,1 1υρίωω555,η
crefi 7761 11171111 384, ιο. 695,1ς tuph 59114 ·
11111557,9.7ο7,6.799,1 culpatum& 551,6 ωρίεςνως· mv!
11111111ῐί1519,6 111411111659,1 6111655311· 7402‘· ’661
1116116169 1117111584, 6. 5415 7. 91111 5
’ 1111111956 1111911197, 5. 411,1 111769111111114111665511
1111111 bovis, de. 6 culpatur §¹⁸23 ttpfflffi 191 4
cudda 8080 ⁴· 11111781,5 1171161911,5
611161Ιί11 719,9 cultello 764, 6 11911611106, 5
1116614161 1111114955 v ’ 1191611167Μ
11111756,6 1111111417, 7 1119116111 567, 6
1111115451 ι1111161171. 661,5’ ’ ι’ · ·
1111116195 1111195 ,7 ’
emente 1467 1111166 ,11 ⁴
1111111111 656, 6 1111111669, 11
1111111116, 6. 645,9 cultura 554, 6. ⁸¹52¹4 1111111554. ‘un-²²¹.
‘mmmmm < tultum727m 4. 117,1.115,6.5
. 11111111665,11. 1111111157,1,41,1,579,5. 544156. mn.
«1111111111 1111· 6111· 681. 10 ⁶9¹·1· 111. 1161.
11111458,5.457,7.566,141111611196. 911,5 1. 64411. ‚om
1111111155, 6,195,1. 491, Cumn 791,1 consanum„ ⁸
...1661ᾈῖ1 111112κὲ ἱζὲἪὲἷι ³’
cruoribus 1461 cuminum 81ο,6 11111561, 151116, Ισ. 573.
1111111914,11 1111111151,5.141,5.595, 7. 5616616511 7
mmm, 5. 44¹‚2 5.φ,1. 4167. 671, 1111111464,11.575,56π, 1
11115171. som 6. 681, 7.761,11. 776, ⁸· 68111· 7161613619·
’1116611156,1.519,6.555,5 4. 7845 747,6. mmm
5514515, 5. 516, 3. 5717 111ηὲ141511 65111 ἓξὲξὲἰὶωίεγῗῄ
,3111ἒέ13. 1,.. 1111111 114111,
1161117115 1116111515,1. 551,1 (11111111111111111665Λ
1161111171, 7. 6664 1110116441 “ ’ ω1111117,6.575,11.655,
11611595,1. 860. 11 cuneo: 151,6 1
’ cubet 4-41, 4. ·47ο, 5 ’ cunque ²⁶2⁴· 51,6. 39,7‚ 67, 1111111166, 11
1116111411, ,7 1.1ο4,1.114,5.687,71111111411,6. mm
1111161484,4. 5595 11191171191111611111511. cum 1111111.53.5.195,1.
1111111451, 5 0171111111,·1.0171111111. 115, 6. 167, 5. 515, 6.
1111116615 · (191111165511 · 11111414. 1. 517,11
1111111151. 666,1 (1911115968 1 741, 4. 776, 9. 7556.
11611116761 1191115754. 755, 5 61615. 679,6
· cucullum 584. 6 cupid& 6596 11111, verbu, 355, 6 76,
1111,16111,1111111555,’1.9’1ο, 117161117155 · 15. 797, 6. 814st
11 - ’ cupidine 61161 1111911911111111179,5.115,4,171,1. 7
1111111111· 8168 1191 8161 tm mx ¹
111 1111117574 ’ 1191111111 misen 61115 717, 5 1111111651, 5, 747, 5
cuiquam 547, 15. 551, 15. cupidinem 167,9 (1111111755, ¹³
· 667, 15 Cupidinem 1111111111 415, 3 1111111675, 13
1111711596, 7. 659, 6. 799, 1191611611516, 1. 711145 111111 716, 7. 761, 74155 ἶ
4 775, 3. 91611 Cupidiniz337‚1z. 492‚5 11111565,1.511,11.665,
1111116165 “ cupidinum 79, 1. 561, 5 6. 9¹3· 9, 10
11711149, 3. 166, 5. 61957. cupido, [167111. 11, 5. 165, 1111111661
764,’9 ’ 1. 1161. 616, io 1111ι 149,5
(66666686114 6616601666θ·61716 ’ ’6Πῶ 73016
culices 556,1 «1111115171 curiosus 494=⁸
⁸ 1111111669, ¹3 ' 111161111614,6.’655,9.1111166,7.861,11.66511
(1611115661. 566,1 86616 6111111554
1111111656, 1191611756, 1. 887, ¹3 1111145,1.691,6.115,5·
culpa 27, 5. 556, 6. 457, 2, 11911111,7οο, 12· 711,1. 7451
691, 7. 71911. 6157 716, 1. 755, 5. 65611 tumtum
11171611911,15 ’ ’01711111115166 ¹ 1111111611,1. 6614
capungam 11111111151111 · 11116115715. 66576

 

