INDEX

8111611698,5 ⁸. 81111111185ο,5 5555. 656,4
1111111591 ,61111 7116 1111· 715» ‘mvn ⁴· 191» ¹· 1181· .
86166111511,17 8.811, 7. 865, 5. 866, 57511
{nonum ¹· nom 61114916164111647
11111484, 8. 656,1 8171111891, 16 5
8111865855 ' 817ἰ1147,4. 781,7 8116611161ομ
811811 597, 16 sanine 594,6 scabiem 781, 6
81111111 564, 8 67811151, 5. 569, 5. 541,,8. subies 91111. 9151
1111116158 11. 541, 1, 5. 554, 561 5, 8116111111 767, 5
81111115755 1. 11, 5. 61511. 654, 811118651
{nitet 699, 1 11. 978, 6. 769, 4. 716, 81111618, 1
81166111 161. 1. 868,4 1. 1554 81111867, 5
8111611517, 6 · 8176116451. 746, 5 salpae 588, 11
8111161111 8οο,7’ 8171111111 6116111641,4 8111711646,1 “
8666111456, 5. 499, 1. 583, sapienter 196, 9. 465, 11. &amani 47418
4 15. 671. 9. 746, 4 774, 17 8111116111 586,1
8186611661587,6 8176161619, 7. 718, 1. 811161111151,6
[11111145 557, 5. 744,11.967,88111611566,6
8111111,76611765,7 81711161 711111 est numni 8111611151
811111151661161776,ς 11111ἱ886718,1 8616111145..)
“ 81116 51516 817ῑ111ἱ1117,1.,5 1,4 8117111558, 5
811611161577,15 sapientior 645, 8. 665, 8. 8111145544
81161111 m. 561,5 866. 13 ’· 8511111614, 1
8116161879,16 · sapientium 77,4 811111111547,6
8111611511, 14. 798,4 sapientius 511 8116161518
8111111 7 56, 5 sapientum ⁶⁶7,4 8111111111 5554
Smin 476, 2 sapi³90429 (6611161645, 5. 6586
, 81111ῐ111861,11 81718565 · 8118517551 4
5111617761. 778,5 1171119155· 81116188,5,154.5.618,1. n
8111159519 saponem 141, 5. 67748 6571. 6655 ι
8111111111 556, u 8176111111 6754 saltuem 357, 11
81161 11, 7 8177111161, 1. 811, 5 Δ sceleste 16515
81161111616,7 8116117856 86618111981
8166864651 ¹ ,8171111646 . {celesti 4555
8116865854 ¹ Sudiniaen8‚4 81618761451
84161111 866, 9. 868, 6. sardinum 81111111,9.19,11.196,11,
8111 31101671 411. ⁶· ⁶5⁷· ς
81111656,14.765,1.791,5. 3116615565 8111116156. 8554
- 856589149165 8111116565, 58 scene 756,1. 88511
8114611156, 1. 155, 5155 , Sarmentus 564, 1 scenam 847, 5. 889, 1. 895,
1.194,5.161,1.179,4. 81117451 ι 8

9657. 5154. 4459. 8111551 8111111888.11
56, 8. 68519 81114111118,9. 716,5 “ 86118158. 816,9

sanguinein nom satellites 516, 1 {tiebat 171, 5

8119111111 567, 6 {utine 11, 8 ' 8181111656. 184, 7. 19111
- 911711181456,1,481,5 8118116151 [eleusinam

(11568196, 1. 155, 6. 456, setun 515, 5. 765, 1 8666681456, 8

5. 561,1. 745,4. 98, Satureiano 5755 86119169

16 811611111661658,4 seilicet 14224· 166, 1. 176,
8111645 6. 661,4 8161181955 1. mn· 594, 56657.
81116196, 5 8.1111811111116111844,8 616, g. 616,4. 6556
811861666, 7. 6658 811611155,4.111,4 · 666, .696,4. 6989.
811181 186, 1 ‘ 811711, 6581811811 mos
8111 556, 5. 8659 1117116,6.695,8.11’1,4. 81ἰ111111161,1.874,1. 8984
8116155516. 6585. 899, 8956 6 ·

v 1 satyrorum 156, 5. 8958 8181611756
8111111577, 5. 766, 1. 797, 8117161 891, 4, 9 · scindente 4154

16. 811, 16 satyrum 86511 scipine 6157
{enm 554, 17. 561, 8. 577, sancius 6ο, 4. 195, 4 8671111111 6151

¹²· ⁶50, a· ⁶52.4. 6 nm 71. 8· 1111· 350, 1 1614611· 1781141111.
661· ¹· 66811· 6699. 481,11.491,1.718,6. 698,9,8.741,1.811,

817. 715. 1. 754, 6. 759, 771, 5. 78516. 967, 7 11. 8959. 8589. 8657

3 8111151,11.565,6.491,5. 8111118654 ·

 

