811111111111 01111111.

»1600111111 1111 1110181161 1151111118
11ιά11114813 1116116.111195,3 341,7.111619111ιυι417,3
1161161838, 1 416,1 11161911111146, 10
ι,116111677 8 1111111767,101910193,4
ι11611135,1.199,6 486, 111611111546,4 11658911
..618Ξ.6ξ.’ξ”””’686ῗέ888 Ξὲῗζέὲέἰὶξ,
1116661861, 3 848,13 11611141, 1. .,4ο3,16 431, 6116611633

1111616999 ιι. 96814, 914,1 811611581,1,3. 58914.
1161661518,7 9116111111,1.69,9 383,1

31166111698,1ο 1116113169, 4456, 8.647,8 1016111896,1.

11166111 919, 5 1116611861111 808, 1 1116111111 549,7
1116116689, 11 1116161891, 3 11161111915, ι
1111116778 51161111399,4. 589, 3 111611111171,8
11111116343 .· 1116111139, 3. 366,8 8111611161911,8
1111111111 614,1 1113111193, 9. 1513. 3.983 1166619114 ·
1111111519,10’ 1113116 6503 ’ ἓῖ8 685,9 ’
11111641, 11 111311113998 . 6111361 15 ο, 3
1111111636.136,.7617,5 11171111 6511668915 1116116111368,9 ,
1111661165, 7 111611αά6117 8, 75 1018111111714,6
»1111411161863 1101011311 110111 4028
13151611951,1. 614,1 11111511381,3 1161113378
1111811836, 3 1111161116ψῇδ.4.311,11111611119,7. 69911
1111311111 68,8 p 1111161993,6113161161639,.5
1111167931 1111111461 831 5 , 1111161 5816 73748 “
3113111613 5,.ι ρ11619,66111691 7 pervellunt 714, 4
111111657, ιο 911111111639,9 111111116198 5, 5
»1111111939 permistas 3,11 modum 5 68,1

11111111 614, ιο permittant ⁵4¹}ss 11111111 8669
111111161197, 1 9111311111 391 §mium ⁸
»116111115695 511116116635, 3 ⁸ ’1111611614 ,9
1616111449,1161111111511,5 11116111157,4
&eausam 1110111183 1010111111

11616811610, 1898. 11 ptrnpul'n 551,11. 3649 ,6111111 1111849,8
1166118183 3 · mmmmm 1111111681 89711

1111116199 983,1.993,11111111111449 perunxit 3931
4. 801,1ο ’ 11111111869.13 111879, 89411
3161111116, 19 9111116989 11861113 ,4
»efficit 832, 3 11111635, 4 11·61,1181
1116611819 ,1111616111 198, 4. 169,9.118611611ι330,5
1116611176 11. ,3614 551,ι ,111111191,.ι 45118
1166111118 ,1,11910, 5336, 111111611794,311111661514,11.540,87
penum-sm 911 ιο 1111111451, 5
118661161,5..98ο,.9 568,11111111434, . potentis 8,1 3
9.,88210 . 91111618 89, ,13 111116116313,6 ,
1186161, 1891116141 pernoscere ⁶7 ,j 111111111,.5 5365
:1888832 11111 ⁷ 111111. ,..,,..·ι.,,
1161111473 9 9119111136,,1111161314,1
116146619ιο,9 91191141131,5 1186,.17339 8396
1161161113, 1. 3851 1111111158 ,9 ,1111633111616
4636 9111111194, 3. 868, ,ι 11611119,11.779,4.874,1 x
,1161111861 ,1·101.1·.1ς41·111.1·
6156151317 311ιι,1116689 866,7
11111168 perrumpe 1111 *,11-61110161864611
116111111199, 19 ,9111191177911 · 618,3. 679. ιι. 777, 3.
1166116311,4 · 91111911 198 807, ..1 8994
1161118783 s ‚Pessum- 4194 1111144411. ,60818
116111511, ιο 1116111476 ,3. 51561531, petitoe712,1
quun„ · 19698 101161116111
116161311,8 31161111118914 9116111146,6
11611119194 81161188, 3 petitu 534, 3

116111181911. 8498 prumam 9111111551, 5

 

