800110101011 6811111011.

nacta 478,1 6161111601. 84810 6111817436 , · Ι
nmmum, 3. gum 60411104643 fontium 3034. 419,1
Ρ1ις11111343,3. 341,3 6011113843 ’60ηωὶ0174010831,1 ’
34 fiue2606‚6 ΜΗΙ, 11 76239
flagitium, 3 flueret 343, 7 fote ἱ. e. 7111118 314,4

84316111403,14. 68139 81417373 Ι 6011309, 7. 4771113081. ⁸.
§quanm 60111101664,1 373, 8. 648, 3. 833, 6

1131411984 . 61ῐ11111817,4 6010061894, 3 .
flagrantiml. 6103101161 8011110170,1.187,’1.403, 6111617646
1831118304, 6. 3841, 641, 7. 660, 61141131,3.303,1
84004511 343148 80110410044104.
1813131334, 13 8011111138,4.118,4.133, sam. §²⁴24 3444,
810101 ²¹2⁸ 00108· 41 1· 111. ⁶424· ⁶092!
011111.87,3.144,7.167. ¹²? 7834 8346 6618811341, 8. 663, 3. 730,
8, 830, 3. 431,4. 3661. 6001111074 311311 8

368,6 .. 6111818844, 336, 3 fori· 60310. 613,1 .
flamma 4, 6, 3 minum 30, 6 form 163, 3. 478,11.796,4
6111111111 388, 6. 446, 1. 6104841133 6011111611 3349

868, n 611181 86, 4. 167,6 fem: 478, 3. 71η, 11. 873,
818838. 10· ’9¹23 80180164 , 11, 13 9

ammom 80111171,9 6011111111 74636. 3336
1810111631 60161177,4. 437,4 [0611603383
6011111134 fotos 661 6001148831 ,
1111137316 ,· 6011011116, 3. 649,1
nm 1711 s ⁸ 6108641. 1. .
1111114837 f Imm 848, 10. “M
611111 10, 3. 35‚⁶ ι 8011117433 6010119001·

flaons 161, 3 fodiat 737, 1 formiani ⁸5¹²

flebili 368, focum 177, 1. 330, 6. 666, Forn312rum 314, 6.
684668601ἻίςῤΔ 1. 683,1 · [011111130813
.ῆώ’16α93,ς ’ 61411416366. 73143 61111143147. 816,3
8061167334. 881,9 , 60611744. 364, ς 8010860690ἳῦ ¹
8188111140373 · 114111413ομ fomtdm 54114
8188981 6116414333, formidatus 176,3 ’ 1
6181113,6.617,8 6ε161169,1 · 8018818708. ¹0
fleb0455‚2 81160831,11. 907‚4 formidine 703, 8. 31,4.
6461101841. 363,1 mma 800, 1. 844, 8. 370,ss
8161188711 · 6111117436 Α 6111101406.366,3.841,3
Μίεηω ’ 6001801463, 1. 4ο8,8 601111ἰά01061448,11
8116111367, 8. 880, 11 ’6141181111 461, 1 formidolosus 111, 4
8011618081 - 80161111643, 4981 “ 8110806133.
8411713, 7. 881,1 6111141114ῃμ 60111064131. 8734
80 1801 81004101· 118. 1111. 8010081· 141. 1· sm
fletuum 430,10 3. 910,,6 sammua
8011111863 1111111116111141103474181108151οή· 3001
1841614463 81111 3443 fornix 788,8 ’

81010,71171.731,,1. 836, 6111113831. 499,1 “ 6110331,1.684,1ο.764,
1 6οἰἰ1447,8 10113116, 1. 374,13. 618

801111, 3. 333, 3. 404, 6016131,6. 183, 3. 3131. 7·, ⁶932¹

601101877110 811, 3. 877, 1 10161474, 13 ,
601111071111146 881,1 61141113441 forte 03, 6. 761,4
flores 101. 1. 160, 7. 183, 1. fomenta 468, 14. 311, 11. fortem 61411. 633, 1, 684,
143. ¹²· 749› ¹0· 837›4 1401· 744. ¹0 1· 611. 4· 1104
80111484,10 ·· 80111301’,1.“691,1.797,ι. [01111331. 116, 3. 3783
80116111 131, 3. 301,1. 363, 807, 4. 900. 3 , 11. 401, 8. 3831. 637,3
4. 843’ 11141773. 877, ι, ,80κί417,10. 367, 7. 638,
8011113439 8111011111 339,4 ,1. 673, 3. 688, 3
8086087 fontanum ·⁷ sorti2637‚3
8111147810 ’ 1011111433, 3. 681,1 601660137811
81818143,1,111, 1. 107. (0116811101, 1. 2⁶0, 4.731’ 6011101133, 11
1. 337, 3. 433, 3. 463, 1 6111ἱ113,1.141,6.190,3.
4. 8738 . 1011111113ιῖ13 ¹ 170,3,370,7.381,3.431,

,Μ 5⁶⁶29· ⁶49, 9. 6011111111, 7. 117,11

 

