Voeamonuia 0111111111.

dumus 1111111911497, 5. 558,111111161867,4 ·
1111119999 91991999 19911199191911·;

574, 5. 447, 7. 5198. 1111111111511,6.119,5.567,7 8. 57197. 5111565118,

55,5. 5788 711,1. 1111611111εῆ 51911 1. 591,8,611197,4.664,

64697ἱ866, 16 1111618.1. 7o,5.451,6 9. 7114.1,7. 877,1ο
alnon 668,11 11161111917,1 ,191661111591,ς
191111161914, 7 11111611 558, 6 1191111461. 154, 3. 19ο,1.
1111111411. mr 1116ιί161111111111111919,9 195,5.761,1.4ο8,8.449, .
ainhun, 8. 774,4 miffilibus 276‚⁶ 9. 749,9.811,4.866,4
nm 681 861,4 1111161 587, 9. 685, 6 11116111111866, 7
11111111111754,7 1111111119, 7. 514ζ1189ς8 1111111111 111, 5
mirabimur 486, 1 non 1116111914, 11 modulator 541, 7
1161691815, ς. 9m‚9 1111611616, 8. 611,1 11111111ῑὶ6689
1118111181 879, 9. 885, 5 1111111119, ς modulis 557, 5
ῗὲἑῗὲἶίἶῖἑ, 333332553 1139199999.. 91,
minum 101, 1. 691, 8. 11161671,7 1. 116, 5. ⁶⁶3· 9. 844st¹

sem 1116111461, 5. 718,7 1111194, 1.177,1.171,5. ,
’1688807681 ¹¹ ¹¹¹¹oe752² 5⁸4242 ⁶9²ss 1
11111111 741, 3. 354, 77177 1111111111 717, 11 Mum· 1, 1. 84,5. 175, 7.
1111111185, 3. §lm-7² ,7 1111111111791, 5 119, 5. 195, 7. 1 7,1.
1111114997. 458,7 1118611171, 3. 431,7 311,6.159,1. 4ο7,].
11111111 896, ς 1111711868, 11 416,1. 44111. 461, 4.
amsans nitiorzffl· 415, 5.· ςος, 1. 76,8.
11111111418,1ο. 777, 1. 111614994. 619,7 611,7,668911.697,1, “

¹³²» 11· ms m¹tt²m³82·⁸·⁷s⁶›4·⁸572¹s ⁵· vm
ι118169,1. 641, 1 mittamus 777, 11 · 6111111111 695, 7
1131116194 mittant 751,1 11111111 554,1
1161111619, 4 aitte 237, 8. 187, 5. 558, , 1111611111 511.8
11115611 u„ 11111· 11111 1111111118
nimr641‚7. 7η,7. 795, 11181116εᾶ1ῐί 144,1 610166397,6

181617· 903111 mm ι8814· 46116 6861 mm §4⁴24·7⁰4·7·7⁰⁹›3
11111111 865, 4 > 58.- 641, 6 1111111119,1.7ς,1.714,1.
·11111111191,4.159,4.695,111111111715,7 419,1. 711,15

1. 618,1 1111111119, 111111611141,1. 4888
111111181161191 16181161 1111111· 11111 ‘
migetaltzssbsm 1686683131 8883863818ζῖ
miscebis 8οο,1 ’ 1161111111 674, 1 11111111761,’6
1116111165 Μ1111111778,1 1111111694. 16596
nitentur 11,1 Mitylenen 18,1 , 1111111111 8899 ’
11661111 67 ,8 1111111719, ¹3' 11111611 '49⁸4
11116911785,9.677,9 11116111664,1 1111111111 511,1. 8894
miscuerit 671, 5 1116111611 71,1. 91, 5. 887,5 1119811199, 5. 567,8
111ίωί111497, 3 111161Ιί1 61111 867, ¹³ 11111 6761
11161111791569919091 1111ῐῆ111 4,1 , 1111Ι11 4, 9. ⁷⁸3¹
Miseno 675, 1 moderabitur 740, 14 1161111554, 1
ωῑῆτ 11115· 116, 5· 181, mm 9111 1111111111

19514,1.545,1.671, . 1161115119 nolentum

ml· 705751 ¹2⁴, 1 'wststnsslfist mm ⁸²⁸⁴

888, 3 1111111748, 1 1111161 5 7,1
1111111 um- 11191111. 1111111111 111111111111

⁸⁰ 82⁹2! Μψ8378169997189791ὓθ8ςῆ0833649, πῂ,
ωἷ61116ἰ111 115,1 11161111556,4. 869,4 ml ,6
11111111 ,9. 587,1 1196618999 11111811 1471
1116111118 ,1.181,6.519,7 119111185,6.194,4.157,6. 1111111111 861,6 ⁴
nilnisennti⁸161‚9 588, 5. 681, 5. 891, 5. 111Ιὶ18191861918,9
ιῐ611111111199,1 9ο9,1 1119111111 885,ι ,
misem 358, 1.411,1.715,7 1111111111 18198 1111111695, 7. 67ς,9
affere 591, 7, ¹³ 1111111111,1. 74995691. 1111111 141, 9. 4²7, ⁶, ⁶35·

· · , 7181· 11111611· 1- mn

⁶⁴24· 111 1· 111111111111. 1191,

 

