Voemzom 0333333333

ι33333333. 136333· 334. ms· 38636693· “mm 6363

3 - ’ ‚om 3333333333,3.336,4,44)
capu· 333,3 , carmini· 36, 3. 3646639, 3416343
&mm- sssm s·,⁶⁹⁴·· 6363 333, mm„
3333333,3. 33,4. 339, 6. 3333333.334 3,4 emam

3633. 399, 3. 3964. 33333633, 3. 336,3 03633366

333,6. 433,3. 443, 6. amem 636,3 03363333643333

43333346 33. 333,33. cnm, vel 313333 393, 33. 633 033363 ,3

36, ιο 3 4, 3. 393, 3. 03333136 363, 33 33331ιὶ3 663, 3

6. 63343633, 3. &pubium 333, 3ο nullum 336, 3

636,3. 669, 3. 646, 3. 3339333333 46,3 odai 336,3

333, 34. 3ο6,6 mmmmm 333633 636, 3. ‘tm
33333 hoc 3333, 3136333693, carpentes 336, 3 33313333 333, 3

4 . «3333ιὶ33633 0333336333
cmm 3333333 333, 6. 346, 33. &mmmm
τιτι6344. 633,3 3334. 4ο3,6 &mimum
3336336,3 3333333346 entonis ,6. 3334333,
3336ὀ33663,3. 333,4 3336636646 3. 33663. 333,3.633,
3333333633334, 33 carmine 639, 3 3. 633,4
“rdiam 633,3 033313333333 463, 3 eut-13· 6, 6 ”
minoem 033633333363,3 3333133334, 3. 3334
wemmam 03336331333336,3.436,3 3333133343,6
αιὲωὶῑ633,33 0333633333ω . , 0336336934 .
nrum 33ο,4 3333333 6333 3333443, 3. 333, 4. 646, 34
2354&- 3:13532390, .. ἓέὲὲἆὲῒ, 663.
arcuum. 4812? 33333339,6. 333, 3. 333, nudum?
,4333333334 343, m 33. 333,6. 63,3 nudum

3463 usuam. 6646 mmmm v
aunuum Cascellius 933,3 . · 33363333 3336636433
carentiavmuoe 664, 66 eutium 36 3 313363,7.363,33.434,94
¹arentibus 333, 1 3336 us. 643, 3. 333, 33663,
3333333336,3.693,9 · 0366669,3.346,3 6, 333, ι. 366,3
emam 00² 3893 mm„
33333336· 36333333. ει633393 “ww

. 336, ιο. 334, 33. 0366333643 ‘mamm‘

633, 3, 6. 6333. 933, «6311336369 wewam
34 affigatur 6 8, 3 emm 366, 6
earnm. 344, 33 3333333333 696, 33 3333333666 .
wint 333,4 . tastis 36, 3. 433, 6. 643,4. emt 666, ι’
33633636 3363333333 emto 333, 33
uanam 466, 33 33333363, 3 33363333, 3. 393, 3. 63333
ι3ῑ3333ο,3,364,3 03633493, 33. 633, 33. 33νὶ36433. 933, n
33363336, 3. 4ο3,33. 333, 6396 3133136334

33 , “ Castae 636, 3 3331333433, 33, 636,3
numen 333, 4. 363, 3. 393, emori· 363, 9. 493434 nulibus 639, ιο

3469337634363·(16034963 “moon

344, 8. 6363. 634, 33. castr-5, 10, 33, 3, 44, 3. 33333 3363

69333. 9ο9,4 33,9 33333333336. 6336
κιωὶ3333;6. 644. 339, us oo, 4. 693,3 3333333363 4

4. 339, 3. 369, 6. 93, casu 3 9, 6. 333, 34. 393, 3333333ῑ6336333μ

3433,4.469, 34. ιο. 3. 398,3. ¹02⁶ 631363 336, . 4ο,4. 333

6. 636. n· 633, 6. 363, casu· 333, 33. 666,3.663,3 33. 6336

33. 636, 3. 6364933, 3333331331634, 6, 33ο,3 3333693333 ·
mim„ 333313 669, 3 statvo-⁸²¹ 3666 ἓ663353631666, 63
tumim, id 36, odae, 663,4 mem 36 ,4. 343,3 aufe 69, 9. 333, ιο. 363,
433331333ο,3.396,ιο.333, 3333333663 6. 3993

9· 676. 3. 436, 33. 434, catenam 363, 3 eausam 333, 3. 363, 33336,

22:13322323‘ {3335 ἱὲἱῖῑῗ..’.“ἐ’,ἑζῖ“”’·“’·’ ...666644

663, 3, 633, 3 3333333 343, 33. 396, 3. 339, 333333 346, 3. 334, 4. 443,
ΜΜΝἎΝΦ ,643 ⁸« 3 0 ⁸· “SNJ' 2120!

 

